  1.0000E+00  0.0000E+00  0.0000E+00  1.1029E+03  1.1413E+03  7.7200E+01
  1.0000E+00  1.0000E-01  4.9184E+01  0.0000E+00  1.1413E+03  7.7200E+01
  1.0000E+00  2.0000E+00  3.1063E+01  0.0000E+00  1.1413E+03  7.7200E+01
  1.0000E+00  6.0000E+00  1.6410E+01  0.0000E+00  1.1413E+03  7.7200E+01
  1.0000E+00  1.2000E+01  8.5710E+00  0.0000E+00  1.1413E+03  7.7200E+01
  1.0000E+00  2.4000E+01  9.1659E-01  0.0000E+00  1.1413E+03  7.7200E+01
  2.0000E+00  0.0000E+00  0.0000E+00  1.0571E+03  1.1560E+03  7.4000E+01
  2.0000E+00  1.0000E-01  3.5444E+01  0.0000E+00  1.1560E+03  7.4000E+01
  2.0000E+00  2.0000E+00  3.5621E+01  0.0000E+00  1.1560E+03  7.4000E+01
  2.0000E+00  6.0000E+00  2.6499E+01  0.0000E+00  1.1560E+03  7.4000E+01
  2.0000E+00  1.2000E+01  1.5308E+01  0.0000E+00  1.1560E+03  7.4000E+01
  2.0000E+00  2.4000E+01  7.2665E+00  0.0000E+00  1.1560E+03  7.4000E+01
  3.0000E+00  0.0000E+00  0.0000E+00  1.1000E+03  1.3843E+03  7.7000E+01
  3.0000E+00  1.0000E-01  7.8568E+01  0.0000E+00  1.3843E+03  7.7000E+01
  3.0000E+00  2.0000E+00  4.3476E+01  0.0000E+00  1.3843E+03  7.7000E+01
  3.0000E+00  6.0000E+00  1.0357E+01  0.0000E+00  1.3843E+03  7.7000E+01
  3.0000E+00  1.2000E+01  2.5563E+00  0.0000E+00  1.3843E+03  7.7000E+01
  3.0000E+00  2.4000E+01  5.5724E-02  0.0000E+00  1.3843E+03  7.7000E+01
  4.0000E+00  0.0000E+00  0.0000E+00  1.1357E+03  1.4736E+03  7.9500E+01
  4.0000E+00  1.0000E-01  5.0025E+01  0.0000E+00  1.4736E+03  7.9500E+01
  4.0000E+00  2.0000E+00  4.1732E+01  0.0000E+00  1.4736E+03  7.9500E+01
  4.0000E+00  6.0000E+00  2.9714E+01  0.0000E+00  1.4736E+03  7.9500E+01
  4.0000E+00  1.2000E+01  1.7005E+01  0.0000E+00  1.4736E+03  7.9500E+01
  4.0000E+00  2.4000E+01  9.6224E+00  0.0000E+00  1.4736E+03  7.9500E+01
  5.0000E+00  0.0000E+00  0.0000E+00  9.1143E+02  1.2164E+03  6.3800E+01
  5.0000E+00  1.0000E-01  5.0250E+01  0.0000E+00  1.2164E+03  6.3800E+01
  5.0000E+00  2.0000E+00  4.1224E+01  0.0000E+00  1.2164E+03  6.3800E+01
  5.0000E+00  6.0000E+00  2.4665E+01  0.0000E+00  1.2164E+03  6.3800E+01
  5.0000E+00  1.2000E+01  1.4753E+01  0.0000E+00  1.2164E+03  6.3800E+01
  5.0000E+00  2.4000E+01  2.0546E+00  0.0000E+00  1.2164E+03  6.3800E+01
  6.0000E+00  0.0000E+00  0.0000E+00  1.2471E+03  1.0605E+03  8.7300E+01
  6.0000E+00  1.0000E-01  4.4943E+01  0.0000E+00  1.0605E+03  8.7300E+01
  6.0000E+00  2.0000E+00  3.4576E+01  0.0000E+00  1.0605E+03  8.7300E+01
  6.0000E+00  6.0000E+00  2.1673E+01  0.0000E+00  1.0605E+03  8.7300E+01
  6.0000E+00  1.2000E+01  1.1999E+01  0.0000E+00  1.0605E+03  8.7300E+01
  6.0000E+00  2.4000E+01  5.2504E+00  0.0000E+00  1.0605E+03  8.7300E+01
  7.0000E+00  0.0000E+00  0.0000E+00  1.1129E+03  1.4582E+03  7.7900E+01
  7.0000E+00  1.0000E-01  3.4939E+01  0.0000E+00  1.4582E+03  7.7900E+01
  7.0000E+00  2.0000E+00  2.6395E+01  0.0000E+00  1.4582E+03  7.7900E+01
  7.0000E+00  6.0000E+00  2.0375E+01  0.0000E+00  1.4582E+03  7.7900E+01
  7.0000E+00  1.2000E+01  1.0200E+01  0.0000E+00  1.4582E+03  7.7900E+01
  7.0000E+00  2.4000E+01  3.3939E+00  0.0000E+00  1.4582E+03  7.7900E+01
  8.0000E+00  0.0000E+00  0.0000E+00  1.1571E+03  1.0591E+03  8.1000E+01
  8.0000E+00  1.0000E-01  4.9913E+01  0.0000E+00  1.0591E+03  8.1000E+01
  8.0000E+00  2.0000E+00  3.6487E+01  0.0000E+00  1.0591E+03  8.1000E+01
  8.0000E+00  6.0000E+00  2.7184E+01  0.0000E+00  1.0591E+03  8.1000E+01
  8.0000E+00  1.2000E+01  1.0139E+01  0.0000E+00  1.0591E+03  8.1000E+01
  8.0000E+00  2.4000E+01  2.9259E+00  0.0000E+00  1.0591E+03  8.1000E+01
  9.0000E+00  0.0000E+00  0.0000E+00  1.1729E+03  1.1818E+03  8.2100E+01
  9.0000E+00  1.0000E-01  4.1605E+01  0.0000E+00  1.1818E+03  8.2100E+01
  9.0000E+00  2.0000E+00  2.7302E+01  0.0000E+00  1.1818E+03  8.2100E+01
  9.0000E+00  6.0000E+00  1.9548E+01  0.0000E+00  1.1818E+03  8.2100E+01
  9.0000E+00  1.2000E+01  9.0210E+00  0.0000E+00  1.1818E+03  8.2100E+01
  9.0000E+00  2.4000E+01  1.5980E+00  0.0000E+00  1.1818E+03  8.2100E+01
  1.0000E+01  0.0000E+00  0.0000E+00  1.0686E+03  1.1010E+03  7.4800E+01
  1.0000E+01  1.0000E-01  3.5547E+01  0.0000E+00  1.1010E+03  7.4800E+01
  1.0000E+01  2.0000E+00  2.1136E+01  0.0000E+00  1.1010E+03  7.4800E+01
  1.0000E+01  6.0000E+00  1.6739E+01  0.0000E+00  1.1010E+03  7.4800E+01
  1.0000E+01  1.2000E+01  9.3439E+00  0.0000E+00  1.1010E+03  7.4800E+01
  1.0000E+01  2.4000E+01  1.6703E+00  0.0000E+00  1.1010E+03  7.4800E+01
  1.1000E+01  0.0000E+00  0.0000E+00  1.3214E+03  1.2711E+03  9.2500E+01
  1.1000E+01  1.0000E-01  4.2061E+01  0.0000E+00  1.2711E+03  9.2500E+01
  1.1000E+01  2.0000E+00  3.0602E+01  0.0000E+00  1.2711E+03  9.2500E+01
  1.1000E+01  6.0000E+00  2.8402E+01  0.0000E+00  1.2711E+03  9.2500E+01
  1.1000E+01  1.2000E+01  1.1259E+01  0.0000E+00  1.2711E+03  9.2500E+01
  1.1000E+01  2.4000E+01  3.3252E+00  0.0000E+00  1.2711E+03  9.2500E+01
  1.2000E+01  0.0000E+00  0.0000E+00  1.1543E+03  1.0730E+03  8.0800E+01
  1.2000E+01  1.0000E-01  3.5640E+01  0.0000E+00  1.0730E+03  8.0800E+01
  1.2000E+01  2.0000E+00  3.7232E+01  0.0000E+00  1.0730E+03  8.0800E+01
  1.2000E+01  6.0000E+00  2.1059E+01  0.0000E+00  1.0730E+03  8.0800E+01
  1.2000E+01  1.2000E+01  1.2511E+01  0.0000E+00  1.0730E+03  8.0800E+01
  1.2000E+01  2.4000E+01  6.0505E+00  0.0000E+00  1.0730E+03  8.0800E+01
  1.3000E+01  0.0000E+00  0.0000E+00  1.2300E+03  1.4805E+03  8.6100E+01
  1.3000E+01  1.0000E-01  1.0881E+02  0.0000E+00  1.4805E+03  8.6100E+01
  1.3000E+01  2.0000E+00  7.3949E+01  0.0000E+00  1.4805E+03  8.6100E+01
  1.3000E+01  6.0000E+00  2.9722E+01  0.0000E+00  1.4805E+03  8.6100E+01
  1.3000E+01  1.2000E+01  1.3776E+01  0.0000E+00  1.4805E+03  8.6100E+01
  1.3000E+01  2.4000E+01  1.3155E+00  0.0000E+00  1.4805E+03  8.6100E+01
  1.4000E+01  0.0000E+00  0.0000E+00  1.0443E+03  1.0713E+03  7.3100E+01
  1.4000E+01  1.0000E-01  4.1088E+01  0.0000E+00  1.0713E+03  7.3100E+01
  1.4000E+01  2.0000E+00  4.3835E+01  0.0000E+00  1.0713E+03  7.3100E+01
  1.4000E+01  6.0000E+00  2.3534E+01  0.0000E+00  1.0713E+03  7.3100E+01
  1.4000E+01  1.2000E+01  1.6467E+01  0.0000E+00  1.0713E+03  7.3100E+01
  1.4000E+01  2.4000E+01  5.3182E+00  0.0000E+00  1.0713E+03  7.3100E+01
  1.5000E+01  0.0000E+00  0.0000E+00  9.6429E+02  1.2251E+03  6.7500E+01
  1.5000E+01  1.0000E-01  3.7236E+01  0.0000E+00  1.2251E+03  6.7500E+01
  1.5000E+01  2.0000E+00  3.0712E+01  0.0000E+00  1.2251E+03  6.7500E+01
  1.5000E+01  6.0000E+00  2.1028E+01  0.0000E+00  1.2251E+03  6.7500E+01
  1.5000E+01  1.2000E+01  1.2228E+01  0.0000E+00  1.2251E+03  6.7500E+01
  1.5000E+01  2.4000E+01  3.4097E+00  0.0000E+00  1.2251E+03  6.7500E+01
  1.6000E+01  0.0000E+00  0.0000E+00  9.6429E+02  1.2906E+03  6.7500E+01
  1.6000E+01  1.0000E-01  4.8907E+01  0.0000E+00  1.2906E+03  6.7500E+01
  1.6000E+01  2.0000E+00  3.3422E+01  0.0000E+00  1.2906E+03  6.7500E+01
  1.6000E+01  6.0000E+00  1.1817E+01  0.0000E+00  1.2906E+03  6.7500E+01
  1.6000E+01  1.2000E+01  3.1641E+00  0.0000E+00  1.2906E+03  6.7500E+01
  1.6000E+01  2.4000E+01  2.5107E-01  0.0000E+00  1.2906E+03  6.7500E+01
  1.7000E+01  0.0000E+00  0.0000E+00  1.1143E+03  1.2794E+03  7.8000E+01
  1.7000E+01  1.0000E-01  4.6505E+01  0.0000E+00  1.2794E+03  7.8000E+01
  1.7000E+01  2.0000E+00  3.5532E+01  0.0000E+00  1.2794E+03  7.8000E+01
  1.7000E+01  6.0000E+00  2.0501E+01  0.0000E+00  1.2794E+03  7.8000E+01
  1.7000E+01  1.2000E+01  9.7034E+00  0.0000E+00  1.2794E+03  7.8000E+01
  1.7000E+01  2.4000E+01  1.6010E+00  0.0000E+00  1.2794E+03  7.8000E+01
  1.8000E+01  0.0000E+00  0.0000E+00  1.0000E+03  1.3869E+03  7.0000E+01
  1.8000E+01  1.0000E-01  4.5616E+01  0.0000E+00  1.3869E+03  7.0000E+01
  1.8000E+01  2.0000E+00  3.4752E+01  0.0000E+00  1.3869E+03  7.0000E+01
  1.8000E+01  6.0000E+00  2.7392E+01  0.0000E+00  1.3869E+03  7.0000E+01
  1.8000E+01  1.2000E+01  1.5247E+01  0.0000E+00  1.3869E+03  7.0000E+01
  1.8000E+01  2.4000E+01  6.7876E+00  0.0000E+00  1.3869E+03  7.0000E+01
  1.9000E+01  0.0000E+00  0.0000E+00  9.5143E+02  1.1807E+03  6.6600E+01
  1.9000E+01  1.0000E-01  5.6239E+01  0.0000E+00  1.1807E+03  6.6600E+01
  1.9000E+01  2.0000E+00  5.5051E+01  0.0000E+00  1.1807E+03  6.6600E+01
  1.9000E+01  6.0000E+00  2.5960E+01  0.0000E+00  1.1807E+03  6.6600E+01
  1.9000E+01  1.2000E+01  1.7797E+01  0.0000E+00  1.1807E+03  6.6600E+01
  1.9000E+01  2.4000E+01  4.7511E+00  0.0000E+00  1.1807E+03  6.6600E+01
  2.0000E+01  0.0000E+00  0.0000E+00  1.2414E+03  1.3542E+03  8.6900E+01
  2.0000E+01  1.0000E-01  5.5069E+01  0.0000E+00  1.3542E+03  8.6900E+01
  2.0000E+01  2.0000E+00  3.7460E+01  0.0000E+00  1.3542E+03  8.6900E+01
  2.0000E+01  6.0000E+00  2.9526E+01  0.0000E+00  1.3542E+03  8.6900E+01
  2.0000E+01  1.2000E+01  1.4730E+01  0.0000E+00  1.3542E+03  8.6900E+01
  2.0000E+01  2.4000E+01  4.5849E+00  0.0000E+00  1.3542E+03  8.6900E+01
  2.1000E+01  0.0000E+00  0.0000E+00  1.2871E+03  1.2315E+03  9.0100E+01
  2.1000E+01  1.0000E-01  5.7457E+01  0.0000E+00  1.2315E+03  9.0100E+01
  2.1000E+01  2.0000E+00  3.7054E+01  0.0000E+00  1.2315E+03  9.0100E+01
  2.1000E+01  6.0000E+00  1.9695E+01  0.0000E+00  1.2315E+03  9.0100E+01
  2.1000E+01  1.2000E+01  1.1127E+01  0.0000E+00  1.2315E+03  9.0100E+01
  2.1000E+01  2.4000E+01  1.7820E+00  0.0000E+00  1.2315E+03  9.0100E+01
  2.2000E+01  0.0000E+00  0.0000E+00  1.3286E+03  1.5084E+03  9.3000E+01
  2.2000E+01  1.0000E-01  3.8455E+01  0.0000E+00  1.5084E+03  9.3000E+01
  2.2000E+01  2.0000E+00  3.2109E+01  0.0000E+00  1.5084E+03  9.3000E+01
  2.2000E+01  6.0000E+00  1.4294E+01  0.0000E+00  1.5084E+03  9.3000E+01
  2.2000E+01  1.2000E+01  6.9278E+00  0.0000E+00  1.5084E+03  9.3000E+01
  2.2000E+01  2.4000E+01  6.7365E-01  0.0000E+00  1.5084E+03  9.3000E+01
  2.3000E+01  0.0000E+00  0.0000E+00  1.1743E+03  1.4400E+03  8.2200E+01
  2.3000E+01  1.0000E-01  4.8411E+01  0.0000E+00  1.4400E+03  8.2200E+01
  2.3000E+01  2.0000E+00  2.7494E+01  0.0000E+00  1.4400E+03  8.2200E+01
  2.3000E+01  6.0000E+00  2.5613E+01  0.0000E+00  1.4400E+03  8.2200E+01
  2.3000E+01  1.2000E+01  1.2271E+01  0.0000E+00  1.4400E+03  8.2200E+01
  2.3000E+01  2.4000E+01  3.2590E+00  0.0000E+00  1.4400E+03  8.2200E+01
  2.4000E+01  0.0000E+00  0.0000E+00  1.0914E+03  1.4679E+03  7.6400E+01
  2.4000E+01  1.0000E-01  7.1128E+01  0.0000E+00  1.4679E+03  7.6400E+01
  2.4000E+01  2.0000E+00  3.4351E+01  0.0000E+00  1.4679E+03  7.6400E+01
  2.4000E+01  6.0000E+00  2.4800E+01  0.0000E+00  1.4679E+03  7.6400E+01
  2.4000E+01  1.2000E+01  1.2118E+01  0.0000E+00  1.4679E+03  7.6400E+01
  2.4000E+01  2.4000E+01  1.9567E+00  0.0000E+00  1.4679E+03  7.6400E+01
  2.5000E+01  0.0000E+00  0.0000E+00  1.2686E+03  1.2804E+03  8.8800E+01
  2.5000E+01  1.0000E-01  3.5395E+01  0.0000E+00  1.2804E+03  8.8800E+01
  2.5000E+01  2.0000E+00  4.3172E+01  0.0000E+00  1.2804E+03  8.8800E+01
  2.5000E+01  6.0000E+00  2.7566E+01  0.0000E+00  1.2804E+03  8.8800E+01
  2.5000E+01  1.2000E+01  1.8886E+01  0.0000E+00  1.2804E+03  8.8800E+01
  2.5000E+01  2.4000E+01  8.4322E+00  0.0000E+00  1.2804E+03  8.8800E+01
  2.6000E+01  0.0000E+00  0.0000E+00  1.1629E+03  1.4838E+03  8.1400E+01
  2.6000E+01  1.0000E-01  5.8147E+01  0.0000E+00  1.4838E+03  8.1400E+01
  2.6000E+01  2.0000E+00  4.6936E+01  0.0000E+00  1.4838E+03  8.1400E+01
  2.6000E+01  6.0000E+00  2.4723E+01  0.0000E+00  1.4838E+03  8.1400E+01
  2.6000E+01  1.2000E+01  1.3959E+01  0.0000E+00  1.4838E+03  8.1400E+01
  2.6000E+01  2.4000E+01  2.9775E+00  0.0000E+00  1.4838E+03  8.1400E+01
  2.7000E+01  0.0000E+00  0.0000E+00  1.0829E+03  1.2426E+03  7.5800E+01
  2.7000E+01  1.0000E-01  6.0921E+01  0.0000E+00  1.2426E+03  7.5800E+01
  2.7000E+01  2.0000E+00  4.6778E+01  0.0000E+00  1.2426E+03  7.5800E+01
  2.7000E+01  6.0000E+00  3.0975E+01  0.0000E+00  1.2426E+03  7.5800E+01
  2.7000E+01  1.2000E+01  1.3596E+01  0.0000E+00  1.2426E+03  7.5800E+01
  2.7000E+01  2.4000E+01  3.0021E+00  0.0000E+00  1.2426E+03  7.5800E+01
  2.8000E+01  0.0000E+00  0.0000E+00  9.9571E+02  1.4616E+03  6.9700E+01
  2.8000E+01  1.0000E-01  3.8861E+01  0.0000E+00  1.4616E+03  6.9700E+01
  2.8000E+01  2.0000E+00  2.4016E+01  0.0000E+00  1.4616E+03  6.9700E+01
  2.8000E+01  6.0000E+00  2.0122E+01  0.0000E+00  1.4616E+03  6.9700E+01
  2.8000E+01  1.2000E+01  1.0409E+01  0.0000E+00  1.4616E+03  6.9700E+01
  2.8000E+01  2.4000E+01  4.5890E+00  0.0000E+00  1.4616E+03  6.9700E+01
  2.9000E+01  0.0000E+00  0.0000E+00  1.2171E+03  1.1923E+03  8.5200E+01
  2.9000E+01  1.0000E-01  6.1963E+01  0.0000E+00  1.1923E+03  8.5200E+01
  2.9000E+01  2.0000E+00  4.5112E+01  0.0000E+00  1.1923E+03  8.5200E+01
  2.9000E+01  6.0000E+00  1.5955E+01  0.0000E+00  1.1923E+03  8.5200E+01
  2.9000E+01  1.2000E+01  3.9960E+00  0.0000E+00  1.1923E+03  8.5200E+01
  2.9000E+01  2.4000E+01  2.1086E-01  0.0000E+00  1.1923E+03  8.5200E+01
  3.0000E+01  0.0000E+00  0.0000E+00  1.0857E+03  1.3225E+03  7.6000E+01
  3.0000E+01  1.0000E-01  4.9789E+01  0.0000E+00  1.3225E+03  7.6000E+01
  3.0000E+01  2.0000E+00  4.0209E+01  0.0000E+00  1.3225E+03  7.6000E+01
  3.0000E+01  6.0000E+00  1.3387E+01  0.0000E+00  1.3225E+03  7.6000E+01
  3.0000E+01  1.2000E+01  4.3544E+00  0.0000E+00  1.3225E+03  7.6000E+01
  3.0000E+01  2.4000E+01  3.6855E-01  0.0000E+00  1.3225E+03  7.6000E+01
  3.1000E+01  0.0000E+00  0.0000E+00  1.3443E+03  1.3664E+03  9.4100E+01
  3.1000E+01  1.0000E-01  4.9305E+01  0.0000E+00  1.3664E+03  9.4100E+01
  3.1000E+01  2.0000E+00  3.9853E+01  0.0000E+00  1.3664E+03  9.4100E+01
  3.1000E+01  6.0000E+00  2.1591E+01  0.0000E+00  1.3664E+03  9.4100E+01
  3.1000E+01  1.2000E+01  7.4724E+00  0.0000E+00  1.3664E+03  9.4100E+01
  3.1000E+01  2.4000E+01  1.2860E+00  0.0000E+00  1.3664E+03  9.4100E+01
  3.2000E+01  0.0000E+00  0.0000E+00  1.1157E+03  1.4031E+03  7.8100E+01
  3.2000E+01  1.0000E-01  3.2867E+01  0.0000E+00  1.4031E+03  7.8100E+01
  3.2000E+01  2.0000E+00  3.5772E+01  0.0000E+00  1.4031E+03  7.8100E+01
  3.2000E+01  6.0000E+00  1.7783E+01  0.0000E+00  1.4031E+03  7.8100E+01
  3.2000E+01  1.2000E+01  1.1186E+01  0.0000E+00  1.4031E+03  7.8100E+01
  3.2000E+01  2.4000E+01  2.7697E+00  0.0000E+00  1.4031E+03  7.8100E+01
  3.3000E+01  0.0000E+00  0.0000E+00  1.0800E+03  1.0968E+03  7.5600E+01
  3.3000E+01  1.0000E-01  4.4984E+01  0.0000E+00  1.0968E+03  7.5600E+01
  3.3000E+01  2.0000E+00  3.9210E+01  0.0000E+00  1.0968E+03  7.5600E+01
  3.3000E+01  6.0000E+00  1.9118E+01  0.0000E+00  1.0968E+03  7.5600E+01
  3.3000E+01  1.2000E+01  7.8652E+00  0.0000E+00  1.0968E+03  7.5600E+01
  3.3000E+01  2.4000E+01  1.2151E+00  0.0000E+00  1.0968E+03  7.5600E+01
  3.4000E+01  0.0000E+00  0.0000E+00  1.1329E+03  1.3965E+03  7.9300E+01
  3.4000E+01  1.0000E-01  5.6901E+01  0.0000E+00  1.3965E+03  7.9300E+01
  3.4000E+01  2.0000E+00  3.5888E+01  0.0000E+00  1.3965E+03  7.9300E+01
  3.4000E+01  6.0000E+00  2.4928E+01  0.0000E+00  1.3965E+03  7.9300E+01
  3.4000E+01  1.2000E+01  1.2127E+01  0.0000E+00  1.3965E+03  7.9300E+01
  3.4000E+01  2.4000E+01  2.5074E+00  0.0000E+00  1.3965E+03  7.9300E+01
  3.5000E+01  0.0000E+00  0.0000E+00  1.1186E+03  1.2424E+03  7.8300E+01
  3.5000E+01  1.0000E-01  6.6232E+01  0.0000E+00  1.2424E+03  7.8300E+01
  3.5000E+01  2.0000E+00  3.8395E+01  0.0000E+00  1.2424E+03  7.8300E+01
  3.5000E+01  6.0000E+00  2.0229E+01  0.0000E+00  1.2424E+03  7.8300E+01
  3.5000E+01  1.2000E+01  7.8465E+00  0.0000E+00  1.2424E+03  7.8300E+01
  3.5000E+01  2.4000E+01  1.4579E+00  0.0000E+00  1.2424E+03  7.8300E+01
  3.6000E+01  0.0000E+00  0.0000E+00  1.2843E+03  1.3143E+03  8.9900E+01
  3.6000E+01  1.0000E-01  8.8194E+01  0.0000E+00  1.3143E+03  8.9900E+01
  3.6000E+01  2.0000E+00  5.4314E+01  0.0000E+00  1.3143E+03  8.9900E+01
  3.6000E+01  6.0000E+00  3.3483E+01  0.0000E+00  1.3143E+03  8.9900E+01
  3.6000E+01  1.2000E+01  9.6701E+00  0.0000E+00  1.3143E+03  8.9900E+01
  3.6000E+01  2.4000E+01  8.7031E-01  0.0000E+00  1.3143E+03  8.9900E+01
  3.7000E+01  0.0000E+00  0.0000E+00  9.2429E+02  1.2827E+03  6.4700E+01
  3.7000E+01  1.0000E-01  5.1371E+01  0.0000E+00  1.2827E+03  6.4700E+01
  3.7000E+01  2.0000E+00  2.9268E+01  0.0000E+00  1.2827E+03  6.4700E+01
  3.7000E+01  6.0000E+00  2.2948E+01  0.0000E+00  1.2827E+03  6.4700E+01
  3.7000E+01  1.2000E+01  7.3272E+00  0.0000E+00  1.2827E+03  6.4700E+01
  3.7000E+01  2.4000E+01  8.4042E-01  0.0000E+00  1.2827E+03  6.4700E+01
  3.8000E+01  0.0000E+00  0.0000E+00  9.4143E+02  1.1452E+03  6.5900E+01
  3.8000E+01  1.0000E-01  4.5122E+01  0.0000E+00  1.1452E+03  6.5900E+01
  3.8000E+01  2.0000E+00  3.5883E+01  0.0000E+00  1.1452E+03  6.5900E+01
  3.8000E+01  6.0000E+00  2.3420E+01  0.0000E+00  1.1452E+03  6.5900E+01
  3.8000E+01  1.2000E+01  1.6015E+01  0.0000E+00  1.1452E+03  6.5900E+01
  3.8000E+01  2.4000E+01  3.2046E+00  0.0000E+00  1.1452E+03  6.5900E+01
  3.9000E+01  0.0000E+00  0.0000E+00  1.1743E+03  1.4105E+03  8.2200E+01
  3.9000E+01  1.0000E-01  4.6273E+01  0.0000E+00  1.4105E+03  8.2200E+01
  3.9000E+01  2.0000E+00  4.6236E+01  0.0000E+00  1.4105E+03  8.2200E+01
  3.9000E+01  6.0000E+00  2.5789E+01  0.0000E+00  1.4105E+03  8.2200E+01
  3.9000E+01  1.2000E+01  1.2183E+01  0.0000E+00  1.4105E+03  8.2200E+01
  3.9000E+01  2.4000E+01  2.4573E+00  0.0000E+00  1.4105E+03  8.2200E+01
  4.0000E+01  0.0000E+00  0.0000E+00  1.0529E+03  1.4431E+03  7.3700E+01
  4.0000E+01  1.0000E-01  6.6954E+01  0.0000E+00  1.4431E+03  7.3700E+01
  4.0000E+01  2.0000E+00  4.1834E+01  0.0000E+00  1.4431E+03  7.3700E+01
  4.0000E+01  6.0000E+00  1.9417E+01  0.0000E+00  1.4431E+03  7.3700E+01
  4.0000E+01  1.2000E+01  8.4088E+00  0.0000E+00  1.4431E+03  7.3700E+01
  4.0000E+01  2.4000E+01  8.5290E-01  0.0000E+00  1.4431E+03  7.3700E+01
  4.1000E+01  0.0000E+00  0.0000E+00  1.2214E+03  1.0508E+03  8.5500E+01
  4.1000E+01  1.0000E-01  4.7578E+01  0.0000E+00  1.0508E+03  8.5500E+01
  4.1000E+01  2.0000E+00  4.2962E+01  0.0000E+00  1.0508E+03  8.5500E+01
  4.1000E+01  6.0000E+00  2.8828E+01  0.0000E+00  1.0508E+03  8.5500E+01
  4.1000E+01  1.2000E+01  1.6964E+01  0.0000E+00  1.0508E+03  8.5500E+01
  4.1000E+01  2.4000E+01  6.5871E+00  0.0000E+00  1.0508E+03  8.5500E+01
  4.2000E+01  0.0000E+00  0.0000E+00  1.2943E+03  1.3566E+03  9.0600E+01
  4.2000E+01  1.0000E-01  4.4146E+01  0.0000E+00  1.3566E+03  9.0600E+01
  4.2000E+01  2.0000E+00  2.8367E+01  0.0000E+00  1.3566E+03  9.0600E+01
  4.2000E+01  6.0000E+00  1.8067E+01  0.0000E+00  1.3566E+03  9.0600E+01
  4.2000E+01  1.2000E+01  6.7837E+00  0.0000E+00  1.3566E+03  9.0600E+01
  4.2000E+01  2.4000E+01  9.9842E-01  0.0000E+00  1.3566E+03  9.0600E+01
  4.3000E+01  0.0000E+00  0.0000E+00  1.0786E+03  1.4223E+03  7.5500E+01
  4.3000E+01  1.0000E-01  3.8788E+01  0.0000E+00  1.4223E+03  7.5500E+01
  4.3000E+01  2.0000E+00  3.1040E+01  0.0000E+00  1.4223E+03  7.5500E+01
  4.3000E+01  6.0000E+00  1.5856E+01  0.0000E+00  1.4223E+03  7.5500E+01
  4.3000E+01  1.2000E+01  1.2496E+01  0.0000E+00  1.4223E+03  7.5500E+01
  4.3000E+01  2.4000E+01  2.6374E+00  0.0000E+00  1.4223E+03  7.5500E+01
  4.4000E+01  0.0000E+00  0.0000E+00  1.0357E+03  1.0939E+03  7.2500E+01
  4.4000E+01  1.0000E-01  5.4742E+01  0.0000E+00  1.0939E+03  7.2500E+01
  4.4000E+01  2.0000E+00  4.9992E+01  0.0000E+00  1.0939E+03  7.2500E+01
  4.4000E+01  6.0000E+00  1.8296E+01  0.0000E+00  1.0939E+03  7.2500E+01
  4.4000E+01  1.2000E+01  7.0604E+00  0.0000E+00  1.0939E+03  7.2500E+01
  4.4000E+01  2.4000E+01  6.0884E-01  0.0000E+00  1.0939E+03  7.2500E+01
  4.5000E+01  0.0000E+00  0.0000E+00  1.1729E+03  1.2170E+03  8.2100E+01
  4.5000E+01  1.0000E-01  3.5259E+01  0.0000E+00  1.2170E+03  8.2100E+01
  4.5000E+01  2.0000E+00  3.6387E+01  0.0000E+00  1.2170E+03  8.2100E+01
  4.5000E+01  6.0000E+00  2.5479E+01  0.0000E+00  1.2170E+03  8.2100E+01
  4.5000E+01  1.2000E+01  1.9873E+01  0.0000E+00  1.2170E+03  8.2100E+01
  4.5000E+01  2.4000E+01  6.3655E+00  0.0000E+00  1.2170E+03  8.2100E+01
  4.6000E+01  0.0000E+00  0.0000E+00  1.2671E+03  1.3222E+03  8.8700E+01
  4.6000E+01  1.0000E-01  4.7784E+01  0.0000E+00  1.3222E+03  8.8700E+01
  4.6000E+01  2.0000E+00  3.1467E+01  0.0000E+00  1.3222E+03  8.8700E+01
  4.6000E+01  6.0000E+00  2.5383E+01  0.0000E+00  1.3222E+03  8.8700E+01
  4.6000E+01  1.2000E+01  1.1184E+01  0.0000E+00  1.3222E+03  8.8700E+01
  4.6000E+01  2.4000E+01  2.0743E+00  0.0000E+00  1.3222E+03  8.8700E+01
  4.7000E+01  0.0000E+00  0.0000E+00  1.2043E+03  1.1547E+03  8.4300E+01
  4.7000E+01  1.0000E-01  6.3915E+01  0.0000E+00  1.1547E+03  8.4300E+01
  4.7000E+01  2.0000E+00  3.5886E+01  0.0000E+00  1.1547E+03  8.4300E+01
  4.7000E+01  6.0000E+00  1.9233E+01  0.0000E+00  1.1547E+03  8.4300E+01
  4.7000E+01  1.2000E+01  7.1002E+00  0.0000E+00  1.1547E+03  8.4300E+01
  4.7000E+01  2.4000E+01  1.0456E+00  0.0000E+00  1.1547E+03  8.4300E+01
  4.8000E+01  0.0000E+00  0.0000E+00  1.2300E+03  1.4465E+03  8.6100E+01
  4.8000E+01  1.0000E-01  5.4360E+01  0.0000E+00  1.4465E+03  8.6100E+01
  4.8000E+01  2.0000E+00  4.7553E+01  0.0000E+00  1.4465E+03  8.6100E+01
  4.8000E+01  6.0000E+00  2.8899E+01  0.0000E+00  1.4465E+03  8.6100E+01
  4.8000E+01  1.2000E+01  1.6555E+01  0.0000E+00  1.4465E+03  8.6100E+01
  4.8000E+01  2.4000E+01  3.7894E+00  0.0000E+00  1.4465E+03  8.6100E+01
  4.9000E+01  0.0000E+00  0.0000E+00  1.2386E+03  1.1329E+03  8.6700E+01
  4.9000E+01  1.0000E-01  4.7776E+01  0.0000E+00  1.1329E+03  8.6700E+01
  4.9000E+01  2.0000E+00  4.6157E+01  0.0000E+00  1.1329E+03  8.6700E+01
  4.9000E+01  6.0000E+00  2.0796E+01  0.0000E+00  1.1329E+03  8.6700E+01
  4.9000E+01  1.2000E+01  1.3624E+01  0.0000E+00  1.1329E+03  8.6700E+01
  4.9000E+01  2.4000E+01  1.7190E+00  0.0000E+00  1.1329E+03  8.6700E+01
  5.0000E+01  0.0000E+00  0.0000E+00  1.2029E+03  1.3570E+03  8.4200E+01
  5.0000E+01  1.0000E-01  4.5822E+01  0.0000E+00  1.3570E+03  8.4200E+01
  5.0000E+01  2.0000E+00  3.8957E+01  0.0000E+00  1.3570E+03  8.4200E+01
  5.0000E+01  6.0000E+00  2.5104E+01  0.0000E+00  1.3570E+03  8.4200E+01
  5.0000E+01  1.2000E+01  1.3129E+01  0.0000E+00  1.3570E+03  8.4200E+01
  5.0000E+01  2.4000E+01  3.2502E+00  0.0000E+00  1.3570E+03  8.4200E+01
  5.1000E+01  0.0000E+00  0.0000E+00  9.8714E+02  1.4760E+03  6.9100E+01
  5.1000E+01  1.0000E-01  5.0284E+01  0.0000E+00  1.4760E+03  6.9100E+01
  5.1000E+01  2.0000E+00  4.1528E+01  0.0000E+00  1.4760E+03  6.9100E+01
  5.1000E+01  6.0000E+00  2.6308E+01  0.0000E+00  1.4760E+03  6.9100E+01
  5.1000E+01  1.2000E+01  1.0793E+01  0.0000E+00  1.4760E+03  6.9100E+01
  5.1000E+01  2.4000E+01  2.0567E+00  0.0000E+00  1.4760E+03  6.9100E+01
  5.2000E+01  0.0000E+00  0.0000E+00  1.0786E+03  1.2220E+03  7.5500E+01
  5.2000E+01  1.0000E-01  4.3331E+01  0.0000E+00  1.2220E+03  7.5500E+01
  5.2000E+01  2.0000E+00  3.0227E+01  0.0000E+00  1.2220E+03  7.5500E+01
  5.2000E+01  6.0000E+00  2.6471E+01  0.0000E+00  1.2220E+03  7.5500E+01
  5.2000E+01  1.2000E+01  1.3258E+01  0.0000E+00  1.2220E+03  7.5500E+01
  5.2000E+01  2.4000E+01  6.5080E+00  0.0000E+00  1.2220E+03  7.5500E+01
  5.3000E+01  0.0000E+00  0.0000E+00  1.1471E+03  1.1786E+03  8.0300E+01
  5.3000E+01  1.0000E-01  5.9557E+01  0.0000E+00  1.1786E+03  8.0300E+01
  5.3000E+01  2.0000E+00  4.4661E+01  0.0000E+00  1.1786E+03  8.0300E+01
  5.3000E+01  6.0000E+00  2.2048E+01  0.0000E+00  1.1786E+03  8.0300E+01
  5.3000E+01  1.2000E+01  1.4615E+01  0.0000E+00  1.1786E+03  8.0300E+01
  5.3000E+01  2.4000E+01  5.3101E+00  0.0000E+00  1.1786E+03  8.0300E+01
  5.4000E+01  0.0000E+00  0.0000E+00  1.1271E+03  1.3002E+03  7.8900E+01
  5.4000E+01  1.0000E-01  3.8434E+01  0.0000E+00  1.3002E+03  7.8900E+01
  5.4000E+01  2.0000E+00  2.7309E+01  0.0000E+00  1.3002E+03  7.8900E+01
  5.4000E+01  6.0000E+00  1.5005E+01  0.0000E+00  1.3002E+03  7.8900E+01
  5.4000E+01  1.2000E+01  8.2332E+00  0.0000E+00  1.3002E+03  7.8900E+01
  5.4000E+01  2.4000E+01  1.3752E+00  0.0000E+00  1.3002E+03  7.8900E+01
  5.5000E+01  0.0000E+00  0.0000E+00  1.2029E+03  1.2584E+03  8.4200E+01
  5.5000E+01  1.0000E-01  4.3292E+01  0.0000E+00  1.2584E+03  8.4200E+01
  5.5000E+01  2.0000E+00  4.2400E+01  0.0000E+00  1.2584E+03  8.4200E+01
  5.5000E+01  6.0000E+00  1.9604E+01  0.0000E+00  1.2584E+03  8.4200E+01
  5.5000E+01  1.2000E+01  6.4199E+00  0.0000E+00  1.2584E+03  8.4200E+01
  5.5000E+01  2.4000E+01  1.4927E+00  0.0000E+00  1.2584E+03  8.4200E+01
  5.6000E+01  0.0000E+00  0.0000E+00  9.6286E+02  1.2361E+03  6.7400E+01
  5.6000E+01  1.0000E-01  4.5880E+01  0.0000E+00  1.2361E+03  6.7400E+01
  5.6000E+01  2.0000E+00  2.9305E+01  0.0000E+00  1.2361E+03  6.7400E+01
  5.6000E+01  6.0000E+00  2.5838E+01  0.0000E+00  1.2361E+03  6.7400E+01
  5.6000E+01  1.2000E+01  1.0159E+01  0.0000E+00  1.2361E+03  6.7400E+01
  5.6000E+01  2.4000E+01  2.4957E+00  0.0000E+00  1.2361E+03  6.7400E+01
  5.7000E+01  0.0000E+00  0.0000E+00  1.1814E+03  1.1413E+03  8.2700E+01
  5.7000E+01  1.0000E-01  4.1998E+01  0.0000E+00  1.1413E+03  8.2700E+01
  5.7000E+01  2.0000E+00  3.2938E+01  0.0000E+00  1.1413E+03  8.2700E+01
  5.7000E+01  6.0000E+00  2.1871E+01  0.0000E+00  1.1413E+03  8.2700E+01
  5.7000E+01  1.2000E+01  1.6431E+01  0.0000E+00  1.1413E+03  8.2700E+01
  5.7000E+01  2.4000E+01  3.7147E+00  0.0000E+00  1.1413E+03  8.2700E+01
  5.8000E+01  0.0000E+00  0.0000E+00  1.0757E+03  1.2834E+03  7.5300E+01
  5.8000E+01  1.0000E-01  3.8667E+01  0.0000E+00  1.2834E+03  7.5300E+01
  5.8000E+01  2.0000E+00  4.4779E+01  0.0000E+00  1.2834E+03  7.5300E+01
  5.8000E+01  6.0000E+00  1.5322E+01  0.0000E+00  1.2834E+03  7.5300E+01
  5.8000E+01  1.2000E+01  7.4901E+00  0.0000E+00  1.2834E+03  7.5300E+01
  5.8000E+01  2.4000E+01  1.0346E+00  0.0000E+00  1.2834E+03  7.5300E+01
  5.9000E+01  0.0000E+00  0.0000E+00  1.2900E+03  1.3682E+03  9.0300E+01
  5.9000E+01  1.0000E-01  3.6782E+01  0.0000E+00  1.3682E+03  9.0300E+01
  5.9000E+01  2.0000E+00  3.7858E+01  0.0000E+00  1.3682E+03  9.0300E+01
  5.9000E+01  6.0000E+00  2.0421E+01  0.0000E+00  1.3682E+03  9.0300E+01
  5.9000E+01  1.2000E+01  1.1768E+01  0.0000E+00  1.3682E+03  9.0300E+01
  5.9000E+01  2.4000E+01  2.6535E+00  0.0000E+00  1.3682E+03  9.0300E+01
  6.0000E+01  0.0000E+00  0.0000E+00  1.1229E+03  1.0548E+03  7.8600E+01
  6.0000E+01  1.0000E-01  3.8671E+01  0.0000E+00  1.0548E+03  7.8600E+01
  6.0000E+01  2.0000E+00  3.2140E+01  0.0000E+00  1.0548E+03  7.8600E+01
  6.0000E+01  6.0000E+00  1.9437E+01  0.0000E+00  1.0548E+03  7.8600E+01
  6.0000E+01  1.2000E+01  1.3135E+01  0.0000E+00  1.0548E+03  7.8600E+01
  6.0000E+01  2.4000E+01  4.2589E+00  0.0000E+00  1.0548E+03  7.8600E+01
  6.1000E+01  0.0000E+00  0.0000E+00  1.0500E+03  1.1888E+03  7.3500E+01
  6.1000E+01  1.0000E-01  5.4228E+01  0.0000E+00  1.1888E+03  7.3500E+01
  6.1000E+01  2.0000E+00  3.5884E+01  0.0000E+00  1.1888E+03  7.3500E+01
  6.1000E+01  6.0000E+00  2.8356E+01  0.0000E+00  1.1888E+03  7.3500E+01
  6.1000E+01  1.2000E+01  1.6362E+01  0.0000E+00  1.1888E+03  7.3500E+01
  6.1000E+01  2.4000E+01  6.4801E+00  0.0000E+00  1.1888E+03  7.3500E+01
  6.2000E+01  0.0000E+00  0.0000E+00  9.1286E+02  1.0860E+03  6.3900E+01
  6.2000E+01  1.0000E-01  6.2654E+01  0.0000E+00  1.0860E+03  6.3900E+01
  6.2000E+01  2.0000E+00  5.9107E+01  0.0000E+00  1.0860E+03  6.3900E+01
  6.2000E+01  6.0000E+00  2.7376E+01  0.0000E+00  1.0860E+03  6.3900E+01
  6.2000E+01  1.2000E+01  1.4940E+01  0.0000E+00  1.0860E+03  6.3900E+01
  6.2000E+01  2.4000E+01  3.2071E+00  0.0000E+00  1.0860E+03  6.3900E+01
  6.3000E+01  0.0000E+00  0.0000E+00  1.1600E+03  1.4104E+03  8.1200E+01
  6.3000E+01  1.0000E-01  5.4408E+01  0.0000E+00  1.4104E+03  8.1200E+01
  6.3000E+01  2.0000E+00  4.5292E+01  0.0000E+00  1.4104E+03  8.1200E+01
  6.3000E+01  6.0000E+00  2.5299E+01  0.0000E+00  1.4104E+03  8.1200E+01
  6.3000E+01  1.2000E+01  1.9359E+01  0.0000E+00  1.4104E+03  8.1200E+01
  6.3000E+01  2.4000E+01  4.9189E+00  0.0000E+00  1.4104E+03  8.1200E+01
  6.4000E+01  0.0000E+00  0.0000E+00  1.0214E+03  1.2306E+03  7.1500E+01
  6.4000E+01  1.0000E-01  9.5823E+01  0.0000E+00  1.2306E+03  7.1500E+01
  6.4000E+01  2.0000E+00  5.4719E+01  0.0000E+00  1.2306E+03  7.1500E+01
  6.4000E+01  6.0000E+00  1.6964E+01  0.0000E+00  1.2306E+03  7.1500E+01
  6.4000E+01  1.2000E+01  5.9585E+00  0.0000E+00  1.2306E+03  7.1500E+01
  6.4000E+01  2.4000E+01  1.8947E-01  0.0000E+00  1.2306E+03  7.1500E+01
  6.5000E+01  0.0000E+00  0.0000E+00  1.1629E+03  1.0665E+03  8.1400E+01
  6.5000E+01  1.0000E-01  7.0656E+01  0.0000E+00  1.0665E+03  8.1400E+01
  6.5000E+01  2.0000E+00  3.9881E+01  0.0000E+00  1.0665E+03  8.1400E+01
  6.5000E+01  6.0000E+00  2.8946E+01  0.0000E+00  1.0665E+03  8.1400E+01
  6.5000E+01  1.2000E+01  1.8681E+01  0.0000E+00  1.0665E+03  8.1400E+01
  6.5000E+01  2.4000E+01  3.9663E+00  0.0000E+00  1.0665E+03  8.1400E+01
  6.6000E+01  0.0000E+00  0.0000E+00  1.0386E+03  1.0589E+03  7.2700E+01
  6.6000E+01  1.0000E-01  5.6920E+01  0.0000E+00  1.0589E+03  7.2700E+01
  6.6000E+01  2.0000E+00  3.5861E+01  0.0000E+00  1.0589E+03  7.2700E+01
  6.6000E+01  6.0000E+00  1.8964E+01  0.0000E+00  1.0589E+03  7.2700E+01
  6.6000E+01  1.2000E+01  4.7622E+00  0.0000E+00  1.0589E+03  7.2700E+01
  6.6000E+01  2.4000E+01  4.9898E-01  0.0000E+00  1.0589E+03  7.2700E+01
  6.7000E+01  0.0000E+00  0.0000E+00  1.0029E+03  1.2114E+03  7.0200E+01
  6.7000E+01  1.0000E-01  5.1337E+01  0.0000E+00  1.2114E+03  7.0200E+01
  6.7000E+01  2.0000E+00  4.1850E+01  0.0000E+00  1.2114E+03  7.0200E+01
  6.7000E+01  6.0000E+00  2.6838E+01  0.0000E+00  1.2114E+03  7.0200E+01
  6.7000E+01  1.2000E+01  1.1039E+01  0.0000E+00  1.2114E+03  7.0200E+01
  6.7000E+01  2.4000E+01  1.5447E+00  0.0000E+00  1.2114E+03  7.0200E+01
  6.8000E+01  0.0000E+00  0.0000E+00  1.1529E+03  1.2696E+03  8.0700E+01
  6.8000E+01  1.0000E-01  4.1500E+01  0.0000E+00  1.2696E+03  8.0700E+01
  6.8000E+01  2.0000E+00  3.3774E+01  0.0000E+00  1.2696E+03  8.0700E+01
  6.8000E+01  6.0000E+00  2.4736E+01  0.0000E+00  1.2696E+03  8.0700E+01
  6.8000E+01  1.2000E+01  1.6356E+01  0.0000E+00  1.2696E+03  8.0700E+01
  6.8000E+01  2.4000E+01  6.6017E+00  0.0000E+00  1.2696E+03  8.0700E+01
  6.9000E+01  0.0000E+00  0.0000E+00  9.4429E+02  1.1114E+03  6.6100E+01
  6.9000E+01  1.0000E-01  5.3656E+01  0.0000E+00  1.1114E+03  6.6100E+01
  6.9000E+01  2.0000E+00  3.9132E+01  0.0000E+00  1.1114E+03  6.6100E+01
  6.9000E+01  6.0000E+00  2.3874E+01  0.0000E+00  1.1114E+03  6.6100E+01
  6.9000E+01  1.2000E+01  1.2148E+01  0.0000E+00  1.1114E+03  6.6100E+01
  6.9000E+01  2.4000E+01  2.7791E+00  0.0000E+00  1.1114E+03  6.6100E+01
  7.0000E+01  0.0000E+00  0.0000E+00  1.0300E+03  1.5097E+03  7.2100E+01
  7.0000E+01  1.0000E-01  4.7119E+01  0.0000E+00  1.5097E+03  7.2100E+01
  7.0000E+01  2.0000E+00  2.7177E+01  0.0000E+00  1.5097E+03  7.2100E+01
  7.0000E+01  6.0000E+00  2.6451E+01  0.0000E+00  1.5097E+03  7.2100E+01
  7.0000E+01  1.2000E+01  1.7607E+01  0.0000E+00  1.5097E+03  7.2100E+01
  7.0000E+01  2.4000E+01  5.3888E+00  0.0000E+00  1.5097E+03  7.2100E+01
  7.1000E+01  0.0000E+00  0.0000E+00  1.2214E+03  1.0930E+03  8.5500E+01
  7.1000E+01  1.0000E-01  6.3691E+01  0.0000E+00  1.0930E+03  8.5500E+01
  7.1000E+01  2.0000E+00  4.6658E+01  0.0000E+00  1.0930E+03  8.5500E+01
  7.1000E+01  6.0000E+00  2.3311E+01  0.0000E+00  1.0930E+03  8.5500E+01
  7.1000E+01  1.2000E+01  1.3869E+01  0.0000E+00  1.0930E+03  8.5500E+01
  7.1000E+01  2.4000E+01  3.6415E+00  0.0000E+00  1.0930E+03  8.5500E+01
  7.2000E+01  0.0000E+00  0.0000E+00  1.2571E+03  1.1321E+03  8.8000E+01
  7.2000E+01  1.0000E-01  7.7534E+01  0.0000E+00  1.1321E+03  8.8000E+01
  7.2000E+01  2.0000E+00  4.8370E+01  0.0000E+00  1.1321E+03  8.8000E+01
  7.2000E+01  6.0000E+00  2.2009E+01  0.0000E+00  1.1321E+03  8.8000E+01
  7.2000E+01  1.2000E+01  1.0031E+01  0.0000E+00  1.1321E+03  8.8000E+01
  7.2000E+01  2.4000E+01  1.0633E+00  0.0000E+00  1.1321E+03  8.8000E+01
  7.3000E+01  0.0000E+00  0.0000E+00  1.0643E+03  1.1017E+03  7.4500E+01
  7.3000E+01  1.0000E-01  4.5184E+01  0.0000E+00  1.1017E+03  7.4500E+01
  7.3000E+01  2.0000E+00  2.8989E+01  0.0000E+00  1.1017E+03  7.4500E+01
  7.3000E+01  6.0000E+00  2.0082E+01  0.0000E+00  1.1017E+03  7.4500E+01
  7.3000E+01  1.2000E+01  1.2197E+01  0.0000E+00  1.1017E+03  7.4500E+01
  7.3000E+01  2.4000E+01  2.9486E+00  0.0000E+00  1.1017E+03  7.4500E+01
  7.4000E+01  0.0000E+00  0.0000E+00  1.0400E+03  1.3336E+03  7.2800E+01
  7.4000E+01  1.0000E-01  4.7377E+01  0.0000E+00  1.3336E+03  7.2800E+01
  7.4000E+01  2.0000E+00  3.6576E+01  0.0000E+00  1.3336E+03  7.2800E+01
  7.4000E+01  6.0000E+00  2.9660E+01  0.0000E+00  1.3336E+03  7.2800E+01
  7.4000E+01  1.2000E+01  2.2664E+01  0.0000E+00  1.3336E+03  7.2800E+01
  7.4000E+01  2.4000E+01  1.0279E+01  0.0000E+00  1.3336E+03  7.2800E+01
  7.5000E+01  0.0000E+00  0.0000E+00  1.0343E+03  1.1811E+03  7.2400E+01
  7.5000E+01  1.0000E-01  7.0931E+01  0.0000E+00  1.1811E+03  7.2400E+01
  7.5000E+01  2.0000E+00  5.1075E+01  0.0000E+00  1.1811E+03  7.2400E+01
  7.5000E+01  6.0000E+00  2.6449E+01  0.0000E+00  1.1811E+03  7.2400E+01
  7.5000E+01  1.2000E+01  1.3067E+01  0.0000E+00  1.1811E+03  7.2400E+01
  7.5000E+01  2.4000E+01  2.8390E+00  0.0000E+00  1.1811E+03  7.2400E+01
  7.6000E+01  0.0000E+00  0.0000E+00  1.1800E+03  1.2277E+03  8.2600E+01
  7.6000E+01  1.0000E-01  3.7933E+01  0.0000E+00  1.2277E+03  8.2600E+01
  7.6000E+01  2.0000E+00  3.1506E+01  0.0000E+00  1.2277E+03  8.2600E+01
  7.6000E+01  6.0000E+00  2.4227E+01  0.0000E+00  1.2277E+03  8.2600E+01
  7.6000E+01  1.2000E+01  8.9215E+00  0.0000E+00  1.2277E+03  8.2600E+01
  7.6000E+01  2.4000E+01  2.4002E+00  0.0000E+00  1.2277E+03  8.2600E+01
  7.7000E+01  0.0000E+00  0.0000E+00  1.0443E+03  1.0932E+03  7.3100E+01
  7.7000E+01  1.0000E-01  5.1885E+01  0.0000E+00  1.0932E+03  7.3100E+01
  7.7000E+01  2.0000E+00  3.6285E+01  0.0000E+00  1.0932E+03  7.3100E+01
  7.7000E+01  6.0000E+00  2.2175E+01  0.0000E+00  1.0932E+03  7.3100E+01
  7.7000E+01  1.2000E+01  1.2159E+01  0.0000E+00  1.0932E+03  7.3100E+01
  7.7000E+01  2.4000E+01  4.1705E+00  0.0000E+00  1.0932E+03  7.3100E+01
  7.8000E+01  0.0000E+00  0.0000E+00  1.3300E+03  1.0444E+03  9.3100E+01
  7.8000E+01  1.0000E-01  3.9145E+01  0.0000E+00  1.0444E+03  9.3100E+01
  7.8000E+01  2.0000E+00  2.6875E+01  0.0000E+00  1.0444E+03  9.3100E+01
  7.8000E+01  6.0000E+00  2.7569E+01  0.0000E+00  1.0444E+03  9.3100E+01
  7.8000E+01  1.2000E+01  1.9883E+01  0.0000E+00  1.0444E+03  9.3100E+01
  7.8000E+01  2.4000E+01  8.3166E+00  0.0000E+00  1.0444E+03  9.3100E+01
  7.9000E+01  0.0000E+00  0.0000E+00  1.0886E+03  1.2176E+03  7.6200E+01
  7.9000E+01  1.0000E-01  6.5893E+01  0.0000E+00  1.2176E+03  7.6200E+01
  7.9000E+01  2.0000E+00  3.7924E+01  0.0000E+00  1.2176E+03  7.6200E+01
  7.9000E+01  6.0000E+00  2.3580E+01  0.0000E+00  1.2176E+03  7.6200E+01
  7.9000E+01  1.2000E+01  7.2942E+00  0.0000E+00  1.2176E+03  7.6200E+01
  7.9000E+01  2.4000E+01  7.3456E-01  0.0000E+00  1.2176E+03  7.6200E+01
  8.0000E+01  0.0000E+00  0.0000E+00  1.0857E+03  1.4876E+03  7.6000E+01
  8.0000E+01  1.0000E-01  4.0601E+01  0.0000E+00  1.4876E+03  7.6000E+01
  8.0000E+01  2.0000E+00  3.3628E+01  0.0000E+00  1.4876E+03  7.6000E+01
  8.0000E+01  6.0000E+00  2.3134E+01  0.0000E+00  1.4876E+03  7.6000E+01
  8.0000E+01  1.2000E+01  1.4470E+01  0.0000E+00  1.4876E+03  7.6000E+01
  8.0000E+01  2.4000E+01  3.9772E+00  0.0000E+00  1.4876E+03  7.6000E+01
  8.1000E+01  0.0000E+00  0.0000E+00  1.2971E+03  1.3078E+03  9.0800E+01
  8.1000E+01  1.0000E-01  7.4421E+01  0.0000E+00  1.3078E+03  9.0800E+01
  8.1000E+01  2.0000E+00  5.6306E+01  0.0000E+00  1.3078E+03  9.0800E+01
  8.1000E+01  6.0000E+00  2.1563E+01  0.0000E+00  1.3078E+03  9.0800E+01
  8.1000E+01  1.2000E+01  7.7404E+00  0.0000E+00  1.3078E+03  9.0800E+01
  8.1000E+01  2.4000E+01  1.3621E+00  0.0000E+00  1.3078E+03  9.0800E+01
  8.2000E+01  0.0000E+00  0.0000E+00  1.1514E+03  1.4338E+03  8.0600E+01
  8.2000E+01  1.0000E-01  4.7756E+01  0.0000E+00  1.4338E+03  8.0600E+01
  8.2000E+01  2.0000E+00  4.1963E+01  0.0000E+00  1.4338E+03  8.0600E+01
  8.2000E+01  6.0000E+00  1.8445E+01  0.0000E+00  1.4338E+03  8.0600E+01
  8.2000E+01  1.2000E+01  7.6666E+00  0.0000E+00  1.4338E+03  8.0600E+01
  8.2000E+01  2.4000E+01  8.8816E-01  0.0000E+00  1.4338E+03  8.0600E+01
  8.3000E+01  0.0000E+00  0.0000E+00  1.3143E+03  1.4825E+03  9.2000E+01
  8.3000E+01  1.0000E-01  3.7441E+01  0.0000E+00  1.4825E+03  9.2000E+01
  8.3000E+01  2.0000E+00  4.0265E+01  0.0000E+00  1.4825E+03  9.2000E+01
  8.3000E+01  6.0000E+00  2.6977E+01  0.0000E+00  1.4825E+03  9.2000E+01
  8.3000E+01  1.2000E+01  1.6176E+01  0.0000E+00  1.4825E+03  9.2000E+01
  8.3000E+01  2.4000E+01  7.8580E+00  0.0000E+00  1.4825E+03  9.2000E+01
  8.4000E+01  0.0000E+00  0.0000E+00  1.2429E+03  1.4330E+03  8.7000E+01
  8.4000E+01  1.0000E-01  6.7109E+01  0.0000E+00  1.4330E+03  8.7000E+01
  8.4000E+01  2.0000E+00  5.7795E+01  0.0000E+00  1.4330E+03  8.7000E+01
  8.4000E+01  6.0000E+00  2.3577E+01  0.0000E+00  1.4330E+03  8.7000E+01
  8.4000E+01  1.2000E+01  1.0657E+01  0.0000E+00  1.4330E+03  8.7000E+01
  8.4000E+01  2.4000E+01  1.6752E+00  0.0000E+00  1.4330E+03  8.7000E+01
  8.5000E+01  0.0000E+00  0.0000E+00  1.0757E+03  1.1335E+03  7.5300E+01
  8.5000E+01  1.0000E-01  4.1059E+01  0.0000E+00  1.1335E+03  7.5300E+01
  8.5000E+01  2.0000E+00  3.2908E+01  0.0000E+00  1.1335E+03  7.5300E+01
  8.5000E+01  6.0000E+00  2.1929E+01  0.0000E+00  1.1335E+03  7.5300E+01
  8.5000E+01  1.2000E+01  1.3045E+01  0.0000E+00  1.1335E+03  7.5300E+01
  8.5000E+01  2.4000E+01  4.0011E+00  0.0000E+00  1.1335E+03  7.5300E+01
  8.6000E+01  0.0000E+00  0.0000E+00  1.2457E+03  1.0822E+03  8.7200E+01
  8.6000E+01  1.0000E-01  6.7113E+01  0.0000E+00  1.0822E+03  8.7200E+01
  8.6000E+01  2.0000E+00  4.3737E+01  0.0000E+00  1.0822E+03  8.7200E+01
  8.6000E+01  6.0000E+00  2.8105E+01  0.0000E+00  1.0822E+03  8.7200E+01
  8.6000E+01  1.2000E+01  1.0409E+01  0.0000E+00  1.0822E+03  8.7200E+01
  8.6000E+01  2.4000E+01  1.7969E+00  0.0000E+00  1.0822E+03  8.7200E+01
  8.7000E+01  0.0000E+00  0.0000E+00  9.2286E+02  1.0595E+03  6.4600E+01
  8.7000E+01  1.0000E-01  6.2021E+01  0.0000E+00  1.0595E+03  6.4600E+01
  8.7000E+01  2.0000E+00  3.9774E+01  0.0000E+00  1.0595E+03  6.4600E+01
  8.7000E+01  6.0000E+00  2.4735E+01  0.0000E+00  1.0595E+03  6.4600E+01
  8.7000E+01  1.2000E+01  9.7218E+00  0.0000E+00  1.0595E+03  6.4600E+01
  8.7000E+01  2.4000E+01  1.6300E+00  0.0000E+00  1.0595E+03  6.4600E+01
  8.8000E+01  0.0000E+00  0.0000E+00  1.0857E+03  1.3752E+03  7.6000E+01
  8.8000E+01  1.0000E-01  5.3324E+01  0.0000E+00  1.3752E+03  7.6000E+01
  8.8000E+01  2.0000E+00  4.2291E+01  0.0000E+00  1.3752E+03  7.6000E+01
  8.8000E+01  6.0000E+00  1.7377E+01  0.0000E+00  1.3752E+03  7.6000E+01
  8.8000E+01  1.2000E+01  9.2173E+00  0.0000E+00  1.3752E+03  7.6000E+01
  8.8000E+01  2.4000E+01  1.7867E+00  0.0000E+00  1.3752E+03  7.6000E+01
  8.9000E+01  0.0000E+00  0.0000E+00  1.1043E+03  1.1879E+03  7.7300E+01
  8.9000E+01  1.0000E-01  6.2284E+01  0.0000E+00  1.1879E+03  7.7300E+01
  8.9000E+01  2.0000E+00  4.4465E+01  0.0000E+00  1.1879E+03  7.7300E+01
  8.9000E+01  6.0000E+00  2.4050E+01  0.0000E+00  1.1879E+03  7.7300E+01
  8.9000E+01  1.2000E+01  1.7791E+01  0.0000E+00  1.1879E+03  7.7300E+01
  8.9000E+01  2.4000E+01  5.5256E+00  0.0000E+00  1.1879E+03  7.7300E+01
  9.0000E+01  0.0000E+00  0.0000E+00  9.9429E+02  1.1819E+03  6.9600E+01
  9.0000E+01  1.0000E-01  4.9147E+01  0.0000E+00  1.1819E+03  6.9600E+01
  9.0000E+01  2.0000E+00  4.3701E+01  0.0000E+00  1.1819E+03  6.9600E+01
  9.0000E+01  6.0000E+00  2.5012E+01  0.0000E+00  1.1819E+03  6.9600E+01
  9.0000E+01  1.2000E+01  1.6722E+01  0.0000E+00  1.1819E+03  6.9600E+01
  9.0000E+01  2.4000E+01  5.3080E+00  0.0000E+00  1.1819E+03  6.9600E+01
  9.1000E+01  0.0000E+00  0.0000E+00  1.0286E+03  1.3181E+03  7.2000E+01
  9.1000E+01  1.0000E-01  3.0298E+01  0.0000E+00  1.3181E+03  7.2000E+01
  9.1000E+01  2.0000E+00  3.7307E+01  0.0000E+00  1.3181E+03  7.2000E+01
  9.1000E+01  6.0000E+00  2.3970E+01  0.0000E+00  1.3181E+03  7.2000E+01
  9.1000E+01  1.2000E+01  1.1416E+01  0.0000E+00  1.3181E+03  7.2000E+01
  9.1000E+01  2.4000E+01  4.6033E+00  0.0000E+00  1.3181E+03  7.2000E+01
  9.2000E+01  0.0000E+00  0.0000E+00  1.3014E+03  1.2961E+03  9.1100E+01
  9.2000E+01  1.0000E-01  6.5409E+01  0.0000E+00  1.2961E+03  9.1100E+01
  9.2000E+01  2.0000E+00  4.1267E+01  0.0000E+00  1.2961E+03  9.1100E+01
  9.2000E+01  6.0000E+00  3.2202E+01  0.0000E+00  1.2961E+03  9.1100E+01
  9.2000E+01  1.2000E+01  1.7166E+01  0.0000E+00  1.2961E+03  9.1100E+01
  9.2000E+01  2.4000E+01  7.1376E+00  0.0000E+00  1.2961E+03  9.1100E+01
  9.3000E+01  0.0000E+00  0.0000E+00  1.0129E+03  1.3059E+03  7.0900E+01
  9.3000E+01  1.0000E-01  3.4948E+01  0.0000E+00  1.3059E+03  7.0900E+01
  9.3000E+01  2.0000E+00  2.4260E+01  0.0000E+00  1.3059E+03  7.0900E+01
  9.3000E+01  6.0000E+00  1.8669E+01  0.0000E+00  1.3059E+03  7.0900E+01
  9.3000E+01  1.2000E+01  8.4944E+00  0.0000E+00  1.3059E+03  7.0900E+01
  9.3000E+01  2.4000E+01  1.6541E+00  0.0000E+00  1.3059E+03  7.0900E+01
  9.4000E+01  0.0000E+00  0.0000E+00  1.2000E+03  1.1290E+03  8.4000E+01
  9.4000E+01  1.0000E-01  3.7691E+01  0.0000E+00  1.1290E+03  8.4000E+01
  9.4000E+01  2.0000E+00  3.1825E+01  0.0000E+00  1.1290E+03  8.4000E+01
  9.4000E+01  6.0000E+00  2.2815E+01  0.0000E+00  1.1290E+03  8.4000E+01
  9.4000E+01  1.2000E+01  1.4408E+01  0.0000E+00  1.1290E+03  8.4000E+01
  9.4000E+01  2.4000E+01  3.4916E+00  0.0000E+00  1.1290E+03  8.4000E+01
  9.5000E+01  0.0000E+00  0.0000E+00  1.0386E+03  1.2114E+03  7.2700E+01
  9.5000E+01  1.0000E-01  2.6765E+01  0.0000E+00  1.2114E+03  7.2700E+01
  9.5000E+01  2.0000E+00  2.9410E+01  0.0000E+00  1.2114E+03  7.2700E+01
  9.5000E+01  6.0000E+00  1.8588E+01  0.0000E+00  1.2114E+03  7.2700E+01
  9.5000E+01  1.2000E+01  1.2954E+01  0.0000E+00  1.2114E+03  7.2700E+01
  9.5000E+01  2.4000E+01  3.7940E+00  0.0000E+00  1.2114E+03  7.2700E+01
  9.6000E+01  0.0000E+00  0.0000E+00  1.1086E+03  1.4974E+03  7.7600E+01
  9.6000E+01  1.0000E-01  5.6752E+01  0.0000E+00  1.4974E+03  7.7600E+01
  9.6000E+01  2.0000E+00  3.7303E+01  0.0000E+00  1.4974E+03  7.7600E+01
  9.6000E+01  6.0000E+00  2.2635E+01  0.0000E+00  1.4974E+03  7.7600E+01
  9.6000E+01  1.2000E+01  9.0706E+00  0.0000E+00  1.4974E+03  7.7600E+01
  9.6000E+01  2.4000E+01  1.7487E+00  0.0000E+00  1.4974E+03  7.7600E+01
  9.7000E+01  0.0000E+00  0.0000E+00  1.1800E+03  1.3540E+03  8.2600E+01
  9.7000E+01  1.0000E-01  6.5923E+01  0.0000E+00  1.3540E+03  8.2600E+01
  9.7000E+01  2.0000E+00  6.0445E+01  0.0000E+00  1.3540E+03  8.2600E+01
  9.7000E+01  6.0000E+00  2.6839E+01  0.0000E+00  1.3540E+03  8.2600E+01
  9.7000E+01  1.2000E+01  1.3316E+01  0.0000E+00  1.3540E+03  8.2600E+01
  9.7000E+01  2.4000E+01  2.7663E+00  0.0000E+00  1.3540E+03  8.2600E+01
  9.8000E+01  0.0000E+00  0.0000E+00  8.9571E+02  1.2581E+03  6.2700E+01
  9.8000E+01  1.0000E-01  3.4349E+01  0.0000E+00  1.2581E+03  6.2700E+01
  9.8000E+01  2.0000E+00  2.3091E+01  0.0000E+00  1.2581E+03  6.2700E+01
  9.8000E+01  6.0000E+00  1.9183E+01  0.0000E+00  1.2581E+03  6.2700E+01
  9.8000E+01  1.2000E+01  1.2511E+01  0.0000E+00  1.2581E+03  6.2700E+01
  9.8000E+01  2.4000E+01  6.6195E+00  0.0000E+00  1.2581E+03  6.2700E+01
  9.9000E+01  0.0000E+00  0.0000E+00  1.0571E+03  1.3328E+03  7.4000E+01
  9.9000E+01  1.0000E-01  5.7619E+01  0.0000E+00  1.3328E+03  7.4000E+01
  9.9000E+01  2.0000E+00  3.4965E+01  0.0000E+00  1.3328E+03  7.4000E+01
  9.9000E+01  6.0000E+00  1.8009E+01  0.0000E+00  1.3328E+03  7.4000E+01
  9.9000E+01  1.2000E+01  5.9894E+00  0.0000E+00  1.3328E+03  7.4000E+01
  9.9000E+01  2.4000E+01  8.8186E-01  0.0000E+00  1.3328E+03  7.4000E+01
  1.0000E+02  0.0000E+00  0.0000E+00  1.1557E+03  1.4796E+03  8.0900E+01
  1.0000E+02  1.0000E-01  3.7995E+01  0.0000E+00  1.4796E+03  8.0900E+01
  1.0000E+02  2.0000E+00  3.2854E+01  0.0000E+00  1.4796E+03  8.0900E+01
  1.0000E+02  6.0000E+00  2.4097E+01  0.0000E+00  1.4796E+03  8.0900E+01
  1.0000E+02  1.2000E+01  1.1114E+01  0.0000E+00  1.4796E+03  8.0900E+01
  1.0000E+02  2.4000E+01  4.5385E+00  0.0000E+00  1.4796E+03  8.0900E+01
