  1.0000E+00  0.0000E+00  0.0000E+00  1.2843E+03  1.2522E+03  8.9900E+01
  1.0000E+00  1.0000E-01  4.0502E+01  0.0000E+00  1.2522E+03  8.9900E+01
  1.0000E+00  2.0000E+00  3.6003E+01  0.0000E+00  1.2522E+03  8.9900E+01
  1.0000E+00  6.0000E+00  2.5227E+01  0.0000E+00  1.2522E+03  8.9900E+01
  1.0000E+00  1.2000E+01  1.5695E+01  0.0000E+00  1.2522E+03  8.9900E+01
  1.0000E+00  2.4000E+01  4.7977E+00  0.0000E+00  1.2522E+03  8.9900E+01
  2.0000E+00  0.0000E+00  0.0000E+00  1.0857E+03  1.4155E+03  7.6000E+01
  2.0000E+00  1.0000E-01  4.1389E+01  0.0000E+00  1.4155E+03  7.6000E+01
  2.0000E+00  2.0000E+00  3.5220E+01  0.0000E+00  1.4155E+03  7.6000E+01
  2.0000E+00  6.0000E+00  2.2314E+01  0.0000E+00  1.4155E+03  7.6000E+01
  2.0000E+00  1.2000E+01  1.7736E+01  0.0000E+00  1.4155E+03  7.6000E+01
  2.0000E+00  2.4000E+01  5.8513E+00  0.0000E+00  1.4155E+03  7.6000E+01
  3.0000E+00  0.0000E+00  0.0000E+00  1.1243E+03  1.4196E+03  7.8700E+01
  3.0000E+00  1.0000E-01  4.2013E+01  0.0000E+00  1.4196E+03  7.8700E+01
  3.0000E+00  2.0000E+00  2.4409E+01  0.0000E+00  1.4196E+03  7.8700E+01
  3.0000E+00  6.0000E+00  1.5864E+01  0.0000E+00  1.4196E+03  7.8700E+01
  3.0000E+00  1.2000E+01  7.0571E+00  0.0000E+00  1.4196E+03  7.8700E+01
  3.0000E+00  2.4000E+01  1.1956E+00  0.0000E+00  1.4196E+03  7.8700E+01
  4.0000E+00  0.0000E+00  0.0000E+00  1.0143E+03  1.1841E+03  7.1000E+01
  4.0000E+00  1.0000E-01  6.9303E+01  0.0000E+00  1.1841E+03  7.1000E+01
  4.0000E+00  2.0000E+00  4.1340E+01  0.0000E+00  1.1841E+03  7.1000E+01
  4.0000E+00  6.0000E+00  2.1262E+01  0.0000E+00  1.1841E+03  7.1000E+01
  4.0000E+00  1.2000E+01  4.2851E+00  0.0000E+00  1.1841E+03  7.1000E+01
  4.0000E+00  2.4000E+01  3.7026E-01  0.0000E+00  1.1841E+03  7.1000E+01
  5.0000E+00  0.0000E+00  0.0000E+00  1.2929E+03  1.3867E+03  9.0500E+01
  5.0000E+00  1.0000E-01  5.2297E+01  0.0000E+00  1.3867E+03  9.0500E+01
  5.0000E+00  2.0000E+00  4.5057E+01  0.0000E+00  1.3867E+03  9.0500E+01
  5.0000E+00  6.0000E+00  2.6885E+01  0.0000E+00  1.3867E+03  9.0500E+01
  5.0000E+00  1.2000E+01  1.5360E+01  0.0000E+00  1.3867E+03  9.0500E+01
  5.0000E+00  2.4000E+01  4.1018E+00  0.0000E+00  1.3867E+03  9.0500E+01
  6.0000E+00  0.0000E+00  0.0000E+00  9.4000E+02  1.3801E+03  6.5800E+01
  6.0000E+00  1.0000E-01  4.5637E+01  0.0000E+00  1.3801E+03  6.5800E+01
  6.0000E+00  2.0000E+00  5.1192E+01  0.0000E+00  1.3801E+03  6.5800E+01
  6.0000E+00  6.0000E+00  3.0200E+01  0.0000E+00  1.3801E+03  6.5800E+01
  6.0000E+00  1.2000E+01  1.4531E+01  0.0000E+00  1.3801E+03  6.5800E+01
  6.0000E+00  2.4000E+01  5.5864E+00  0.0000E+00  1.3801E+03  6.5800E+01
  7.0000E+00  0.0000E+00  0.0000E+00  1.0143E+03  1.4321E+03  7.1000E+01
  7.0000E+00  1.0000E-01  4.0891E+01  0.0000E+00  1.4321E+03  7.1000E+01
  7.0000E+00  2.0000E+00  3.6828E+01  0.0000E+00  1.4321E+03  7.1000E+01
  7.0000E+00  6.0000E+00  2.6631E+01  0.0000E+00  1.4321E+03  7.1000E+01
  7.0000E+00  1.2000E+01  1.4342E+01  0.0000E+00  1.4321E+03  7.1000E+01
  7.0000E+00  2.4000E+01  6.6780E+00  0.0000E+00  1.4321E+03  7.1000E+01
  8.0000E+00  0.0000E+00  0.0000E+00  1.0271E+03  1.0826E+03  7.1900E+01
  8.0000E+00  1.0000E-01  4.1406E+01  0.0000E+00  1.0826E+03  7.1900E+01
  8.0000E+00  2.0000E+00  4.1802E+01  0.0000E+00  1.0826E+03  7.1900E+01
  8.0000E+00  6.0000E+00  2.5133E+01  0.0000E+00  1.0826E+03  7.1900E+01
  8.0000E+00  1.2000E+01  1.4057E+01  0.0000E+00  1.0826E+03  7.1900E+01
  8.0000E+00  2.4000E+01  5.1475E+00  0.0000E+00  1.0826E+03  7.1900E+01
  9.0000E+00  0.0000E+00  0.0000E+00  9.4714E+02  1.3400E+03  6.6300E+01
  9.0000E+00  1.0000E-01  6.5320E+01  0.0000E+00  1.3400E+03  6.6300E+01
  9.0000E+00  2.0000E+00  2.9716E+01  0.0000E+00  1.3400E+03  6.6300E+01
  9.0000E+00  6.0000E+00  1.3661E+01  0.0000E+00  1.3400E+03  6.6300E+01
  9.0000E+00  1.2000E+01  5.0437E+00  0.0000E+00  1.3400E+03  6.6300E+01
  9.0000E+00  2.4000E+01  3.9331E-01  0.0000E+00  1.3400E+03  6.6300E+01
  1.0000E+01  0.0000E+00  0.0000E+00  1.1543E+03  1.1015E+03  8.0800E+01
  1.0000E+01  1.0000E-01  4.4386E+01  0.0000E+00  1.1015E+03  8.0800E+01
  1.0000E+01  2.0000E+00  3.6041E+01  0.0000E+00  1.1015E+03  8.0800E+01
  1.0000E+01  6.0000E+00  1.8562E+01  0.0000E+00  1.1015E+03  8.0800E+01
  1.0000E+01  1.2000E+01  1.0736E+01  0.0000E+00  1.1015E+03  8.0800E+01
  1.0000E+01  2.4000E+01  2.7962E+00  0.0000E+00  1.1015E+03  8.0800E+01
  1.1000E+01  0.0000E+00  0.0000E+00  1.0600E+03  1.4466E+03  7.4200E+01
  1.1000E+01  1.0000E-01  4.8640E+01  0.0000E+00  1.4466E+03  7.4200E+01
  1.1000E+01  2.0000E+00  3.7722E+01  0.0000E+00  1.4466E+03  7.4200E+01
  1.1000E+01  6.0000E+00  3.1620E+01  0.0000E+00  1.4466E+03  7.4200E+01
  1.1000E+01  1.2000E+01  1.7882E+01  0.0000E+00  1.4466E+03  7.4200E+01
  1.1000E+01  2.4000E+01  4.9741E+00  0.0000E+00  1.4466E+03  7.4200E+01
  1.2000E+01  0.0000E+00  0.0000E+00  1.3300E+03  1.3816E+03  9.3100E+01
  1.2000E+01  1.0000E-01  6.7619E+01  0.0000E+00  1.3816E+03  9.3100E+01
  1.2000E+01  2.0000E+00  6.0006E+01  0.0000E+00  1.3816E+03  9.3100E+01
  1.2000E+01  6.0000E+00  3.8927E+01  0.0000E+00  1.3816E+03  9.3100E+01
  1.2000E+01  1.2000E+01  1.7901E+01  0.0000E+00  1.3816E+03  9.3100E+01
  1.2000E+01  2.4000E+01  7.9724E+00  0.0000E+00  1.3816E+03  9.3100E+01
  1.3000E+01  0.0000E+00  0.0000E+00  1.2686E+03  1.0692E+03  8.8800E+01
  1.3000E+01  1.0000E-01  6.0512E+01  0.0000E+00  1.0692E+03  8.8800E+01
  1.3000E+01  2.0000E+00  4.4316E+01  0.0000E+00  1.0692E+03  8.8800E+01
  1.3000E+01  6.0000E+00  3.3271E+01  0.0000E+00  1.0692E+03  8.8800E+01
  1.3000E+01  1.2000E+01  1.7522E+01  0.0000E+00  1.0692E+03  8.8800E+01
  1.3000E+01  2.4000E+01  4.6260E+00  0.0000E+00  1.0692E+03  8.8800E+01
  1.4000E+01  0.0000E+00  0.0000E+00  1.1700E+03  1.1746E+03  8.1900E+01
  1.4000E+01  1.0000E-01  5.6196E+01  0.0000E+00  1.1746E+03  8.1900E+01
  1.4000E+01  2.0000E+00  3.8037E+01  0.0000E+00  1.1746E+03  8.1900E+01
  1.4000E+01  6.0000E+00  2.3435E+01  0.0000E+00  1.1746E+03  8.1900E+01
  1.4000E+01  1.2000E+01  6.6541E+00  0.0000E+00  1.1746E+03  8.1900E+01
  1.4000E+01  2.4000E+01  6.7191E-01  0.0000E+00  1.1746E+03  8.1900E+01
  1.5000E+01  0.0000E+00  0.0000E+00  1.2443E+03  1.2623E+03  8.7100E+01
  1.5000E+01  1.0000E-01  4.5396E+01  0.0000E+00  1.2623E+03  8.7100E+01
  1.5000E+01  2.0000E+00  3.7289E+01  0.0000E+00  1.2623E+03  8.7100E+01
  1.5000E+01  6.0000E+00  2.6799E+01  0.0000E+00  1.2623E+03  8.7100E+01
  1.5000E+01  1.2000E+01  1.4709E+01  0.0000E+00  1.2623E+03  8.7100E+01
  1.5000E+01  2.4000E+01  4.2860E+00  0.0000E+00  1.2623E+03  8.7100E+01
  1.6000E+01  0.0000E+00  0.0000E+00  9.9286E+02  1.3409E+03  6.9500E+01
  1.6000E+01  1.0000E-01  4.5649E+01  0.0000E+00  1.3409E+03  6.9500E+01
  1.6000E+01  2.0000E+00  2.9203E+01  0.0000E+00  1.3409E+03  6.9500E+01
  1.6000E+01  6.0000E+00  3.0372E+01  0.0000E+00  1.3409E+03  6.9500E+01
  1.6000E+01  1.2000E+01  1.0931E+01  0.0000E+00  1.3409E+03  6.9500E+01
  1.6000E+01  2.4000E+01  3.9639E+00  0.0000E+00  1.3409E+03  6.9500E+01
  1.7000E+01  0.0000E+00  0.0000E+00  1.0529E+03  1.2940E+03  7.3700E+01
  1.7000E+01  1.0000E-01  6.3495E+01  0.0000E+00  1.2940E+03  7.3700E+01
  1.7000E+01  2.0000E+00  4.9738E+01  0.0000E+00  1.2940E+03  7.3700E+01
  1.7000E+01  6.0000E+00  2.8321E+01  0.0000E+00  1.2940E+03  7.3700E+01
  1.7000E+01  1.2000E+01  1.1772E+01  0.0000E+00  1.2940E+03  7.3700E+01
  1.7000E+01  2.4000E+01  2.0200E+00  0.0000E+00  1.2940E+03  7.3700E+01
  1.8000E+01  0.0000E+00  0.0000E+00  1.1400E+03  1.4810E+03  7.9800E+01
  1.8000E+01  1.0000E-01  5.5839E+01  0.0000E+00  1.4810E+03  7.9800E+01
  1.8000E+01  2.0000E+00  5.0652E+01  0.0000E+00  1.4810E+03  7.9800E+01
  1.8000E+01  6.0000E+00  3.3400E+01  0.0000E+00  1.4810E+03  7.9800E+01
  1.8000E+01  1.2000E+01  1.4454E+01  0.0000E+00  1.4810E+03  7.9800E+01
  1.8000E+01  2.4000E+01  4.6524E+00  0.0000E+00  1.4810E+03  7.9800E+01
  1.9000E+01  0.0000E+00  0.0000E+00  1.1443E+03  1.0673E+03  8.0100E+01
  1.9000E+01  1.0000E-01  4.8417E+01  0.0000E+00  1.0673E+03  8.0100E+01
  1.9000E+01  2.0000E+00  3.5594E+01  0.0000E+00  1.0673E+03  8.0100E+01
  1.9000E+01  6.0000E+00  2.4267E+01  0.0000E+00  1.0673E+03  8.0100E+01
  1.9000E+01  1.2000E+01  8.8537E+00  0.0000E+00  1.0673E+03  8.0100E+01
  1.9000E+01  2.4000E+01  1.5261E+00  0.0000E+00  1.0673E+03  8.0100E+01
  2.0000E+01  0.0000E+00  0.0000E+00  9.8000E+02  1.2579E+03  6.8600E+01
  2.0000E+01  1.0000E-01  3.6128E+01  0.0000E+00  1.2579E+03  6.8600E+01
  2.0000E+01  2.0000E+00  2.6964E+01  0.0000E+00  1.2579E+03  6.8600E+01
  2.0000E+01  6.0000E+00  1.7541E+01  0.0000E+00  1.2579E+03  6.8600E+01
  2.0000E+01  1.2000E+01  1.1692E+01  0.0000E+00  1.2579E+03  6.8600E+01
  2.0000E+01  2.4000E+01  4.2313E+00  0.0000E+00  1.2579E+03  6.8600E+01
  2.1000E+01  0.0000E+00  0.0000E+00  1.1129E+03  1.1817E+03  7.7900E+01
  2.1000E+01  1.0000E-01  5.8828E+01  0.0000E+00  1.1817E+03  7.7900E+01
  2.1000E+01  2.0000E+00  4.0341E+01  0.0000E+00  1.1817E+03  7.7900E+01
  2.1000E+01  6.0000E+00  2.5723E+01  0.0000E+00  1.1817E+03  7.7900E+01
  2.1000E+01  1.2000E+01  9.8604E+00  0.0000E+00  1.1817E+03  7.7900E+01
  2.1000E+01  2.4000E+01  2.3012E+00  0.0000E+00  1.1817E+03  7.7900E+01
  2.2000E+01  0.0000E+00  0.0000E+00  9.6000E+02  1.2319E+03  6.7200E+01
  2.2000E+01  1.0000E-01  4.9619E+01  0.0000E+00  1.2319E+03  6.7200E+01
  2.2000E+01  2.0000E+00  4.1732E+01  0.0000E+00  1.2319E+03  6.7200E+01
  2.2000E+01  6.0000E+00  1.5557E+01  0.0000E+00  1.2319E+03  6.7200E+01
  2.2000E+01  1.2000E+01  6.0809E+00  0.0000E+00  1.2319E+03  6.7200E+01
  2.2000E+01  2.4000E+01  7.4403E-01  0.0000E+00  1.2319E+03  6.7200E+01
  2.3000E+01  0.0000E+00  0.0000E+00  1.1557E+03  1.2736E+03  8.0900E+01
  2.3000E+01  1.0000E-01  4.5874E+01  0.0000E+00  1.2736E+03  8.0900E+01
  2.3000E+01  2.0000E+00  3.9370E+01  0.0000E+00  1.2736E+03  8.0900E+01
  2.3000E+01  6.0000E+00  3.2465E+01  0.0000E+00  1.2736E+03  8.0900E+01
  2.3000E+01  1.2000E+01  1.4470E+01  0.0000E+00  1.2736E+03  8.0900E+01
  2.3000E+01  2.4000E+01  4.5067E+00  0.0000E+00  1.2736E+03  8.0900E+01
  2.4000E+01  0.0000E+00  0.0000E+00  1.1471E+03  1.3891E+03  8.0300E+01
  2.4000E+01  1.0000E-01  5.5004E+01  0.0000E+00  1.3891E+03  8.0300E+01
  2.4000E+01  2.0000E+00  3.3289E+01  0.0000E+00  1.3891E+03  8.0300E+01
  2.4000E+01  6.0000E+00  2.1812E+01  0.0000E+00  1.3891E+03  8.0300E+01
  2.4000E+01  1.2000E+01  7.3866E+00  0.0000E+00  1.3891E+03  8.0300E+01
  2.4000E+01  2.4000E+01  1.4672E+00  0.0000E+00  1.3891E+03  8.0300E+01
  2.5000E+01  0.0000E+00  0.0000E+00  1.2114E+03  1.1331E+03  8.4800E+01
  2.5000E+01  1.0000E-01  5.7542E+01  0.0000E+00  1.1331E+03  8.4800E+01
  2.5000E+01  2.0000E+00  4.6868E+01  0.0000E+00  1.1331E+03  8.4800E+01
  2.5000E+01  6.0000E+00  2.2967E+01  0.0000E+00  1.1331E+03  8.4800E+01
  2.5000E+01  1.2000E+01  1.0476E+01  0.0000E+00  1.1331E+03  8.4800E+01
  2.5000E+01  2.4000E+01  1.9640E+00  0.0000E+00  1.1331E+03  8.4800E+01
  2.6000E+01  0.0000E+00  0.0000E+00  1.0043E+03  1.3492E+03  7.0300E+01
  2.6000E+01  1.0000E-01  4.5644E+01  0.0000E+00  1.3492E+03  7.0300E+01
  2.6000E+01  2.0000E+00  3.3279E+01  0.0000E+00  1.3492E+03  7.0300E+01
  2.6000E+01  6.0000E+00  2.5246E+01  0.0000E+00  1.3492E+03  7.0300E+01
  2.6000E+01  1.2000E+01  1.3957E+01  0.0000E+00  1.3492E+03  7.0300E+01
  2.6000E+01  2.4000E+01  4.6429E+00  0.0000E+00  1.3492E+03  7.0300E+01
  2.7000E+01  0.0000E+00  0.0000E+00  9.3286E+02  1.3507E+03  6.5300E+01
  2.7000E+01  1.0000E-01  5.2630E+01  0.0000E+00  1.3507E+03  6.5300E+01
  2.7000E+01  2.0000E+00  3.9352E+01  0.0000E+00  1.3507E+03  6.5300E+01
  2.7000E+01  6.0000E+00  2.0733E+01  0.0000E+00  1.3507E+03  6.5300E+01
  2.7000E+01  1.2000E+01  1.0686E+01  0.0000E+00  1.3507E+03  6.5300E+01
  2.7000E+01  2.4000E+01  2.3234E+00  0.0000E+00  1.3507E+03  6.5300E+01
  2.8000E+01  0.0000E+00  0.0000E+00  1.2600E+03  1.2606E+03  8.8200E+01
  2.8000E+01  1.0000E-01  6.1033E+01  0.0000E+00  1.2606E+03  8.8200E+01
  2.8000E+01  2.0000E+00  5.1141E+01  0.0000E+00  1.2606E+03  8.8200E+01
  2.8000E+01  6.0000E+00  2.1863E+01  0.0000E+00  1.2606E+03  8.8200E+01
  2.8000E+01  1.2000E+01  9.1389E+00  0.0000E+00  1.2606E+03  8.8200E+01
  2.8000E+01  2.4000E+01  9.0739E-01  0.0000E+00  1.2606E+03  8.8200E+01
  2.9000E+01  0.0000E+00  0.0000E+00  1.0557E+03  1.0709E+03  7.3900E+01
  2.9000E+01  1.0000E-01  7.0028E+01  0.0000E+00  1.0709E+03  7.3900E+01
  2.9000E+01  2.0000E+00  5.0297E+01  0.0000E+00  1.0709E+03  7.3900E+01
  2.9000E+01  6.0000E+00  2.7501E+01  0.0000E+00  1.0709E+03  7.3900E+01
  2.9000E+01  1.2000E+01  1.3114E+01  0.0000E+00  1.0709E+03  7.3900E+01
  2.9000E+01  2.4000E+01  2.2050E+00  0.0000E+00  1.0709E+03  7.3900E+01
  3.0000E+01  0.0000E+00  0.0000E+00  1.2386E+03  1.1863E+03  8.6700E+01
  3.0000E+01  1.0000E-01  3.5859E+01  0.0000E+00  1.1863E+03  8.6700E+01
  3.0000E+01  2.0000E+00  3.2706E+01  0.0000E+00  1.1863E+03  8.6700E+01
  3.0000E+01  6.0000E+00  1.8916E+01  0.0000E+00  1.1863E+03  8.6700E+01
  3.0000E+01  1.2000E+01  1.0941E+01  0.0000E+00  1.1863E+03  8.6700E+01
  3.0000E+01  2.4000E+01  5.1698E+00  0.0000E+00  1.1863E+03  8.6700E+01
  3.1000E+01  0.0000E+00  0.0000E+00  1.2243E+03  1.3537E+03  8.5700E+01
  3.1000E+01  1.0000E-01  6.5017E+01  0.0000E+00  1.3537E+03  8.5700E+01
  3.1000E+01  2.0000E+00  4.9141E+01  0.0000E+00  1.3537E+03  8.5700E+01
  3.1000E+01  6.0000E+00  2.3553E+01  0.0000E+00  1.3537E+03  8.5700E+01
  3.1000E+01  1.2000E+01  7.7541E+00  0.0000E+00  1.3537E+03  8.5700E+01
  3.1000E+01  2.4000E+01  9.3752E-01  0.0000E+00  1.3537E+03  8.5700E+01
  3.2000E+01  0.0000E+00  0.0000E+00  1.0714E+03  1.4869E+03  7.5000E+01
  3.2000E+01  1.0000E-01  3.2275E+01  0.0000E+00  1.4869E+03  7.5000E+01
  3.2000E+01  2.0000E+00  4.2485E+01  0.0000E+00  1.4869E+03  7.5000E+01
  3.2000E+01  6.0000E+00  3.5610E+01  0.0000E+00  1.4869E+03  7.5000E+01
  3.2000E+01  1.2000E+01  2.1915E+01  0.0000E+00  1.4869E+03  7.5000E+01
  3.2000E+01  2.4000E+01  7.4498E+00  0.0000E+00  1.4869E+03  7.5000E+01
  3.3000E+01  0.0000E+00  0.0000E+00  9.1143E+02  1.4221E+03  6.3800E+01
  3.3000E+01  1.0000E-01  8.0410E+01  0.0000E+00  1.4221E+03  6.3800E+01
  3.3000E+01  2.0000E+00  4.9663E+01  0.0000E+00  1.4221E+03  6.3800E+01
  3.3000E+01  6.0000E+00  1.9811E+01  0.0000E+00  1.4221E+03  6.3800E+01
  3.3000E+01  1.2000E+01  3.8004E+00  0.0000E+00  1.4221E+03  6.3800E+01
  3.3000E+01  2.4000E+01  2.0320E-01  0.0000E+00  1.4221E+03  6.3800E+01
  3.4000E+01  0.0000E+00  0.0000E+00  1.2957E+03  1.3410E+03  9.0700E+01
  3.4000E+01  1.0000E-01  5.6207E+01  0.0000E+00  1.3410E+03  9.0700E+01
  3.4000E+01  2.0000E+00  3.5128E+01  0.0000E+00  1.3410E+03  9.0700E+01
  3.4000E+01  6.0000E+00  2.7434E+01  0.0000E+00  1.3410E+03  9.0700E+01
  3.4000E+01  1.2000E+01  1.2485E+01  0.0000E+00  1.3410E+03  9.0700E+01
  3.4000E+01  2.4000E+01  3.4060E+00  0.0000E+00  1.3410E+03  9.0700E+01
  3.5000E+01  0.0000E+00  0.0000E+00  1.1229E+03  1.4994E+03  7.8600E+01
  3.5000E+01  1.0000E-01  4.7852E+01  0.0000E+00  1.4994E+03  7.8600E+01
  3.5000E+01  2.0000E+00  3.3907E+01  0.0000E+00  1.4994E+03  7.8600E+01
  3.5000E+01  6.0000E+00  1.9569E+01  0.0000E+00  1.4994E+03  7.8600E+01
  3.5000E+01  1.2000E+01  7.8953E+00  0.0000E+00  1.4994E+03  7.8600E+01
  3.5000E+01  2.4000E+01  1.1380E+00  0.0000E+00  1.4994E+03  7.8600E+01
  3.6000E+01  0.0000E+00  0.0000E+00  1.0300E+03  1.0428E+03  7.2100E+01
  3.6000E+01  1.0000E-01  4.1063E+01  0.0000E+00  1.0428E+03  7.2100E+01
  3.6000E+01  2.0000E+00  3.1095E+01  0.0000E+00  1.0428E+03  7.2100E+01
  3.6000E+01  6.0000E+00  2.7273E+01  0.0000E+00  1.0428E+03  7.2100E+01
  3.6000E+01  1.2000E+01  1.4971E+01  0.0000E+00  1.0428E+03  7.2100E+01
  3.6000E+01  2.4000E+01  6.5985E+00  0.0000E+00  1.0428E+03  7.2100E+01
  3.7000E+01  0.0000E+00  0.0000E+00  9.7429E+02  1.2904E+03  6.8200E+01
  3.7000E+01  1.0000E-01  6.7931E+01  0.0000E+00  1.2904E+03  6.8200E+01
  3.7000E+01  2.0000E+00  4.8936E+01  0.0000E+00  1.2904E+03  6.8200E+01
  3.7000E+01  6.0000E+00  3.2171E+01  0.0000E+00  1.2904E+03  6.8200E+01
  3.7000E+01  1.2000E+01  1.2926E+01  0.0000E+00  1.2904E+03  6.8200E+01
  3.7000E+01  2.4000E+01  2.9573E+00  0.0000E+00  1.2904E+03  6.8200E+01
  3.8000E+01  0.0000E+00  0.0000E+00  1.1200E+03  1.1763E+03  7.8400E+01
  3.8000E+01  1.0000E-01  3.5434E+01  0.0000E+00  1.1763E+03  7.8400E+01
  3.8000E+01  2.0000E+00  3.2602E+01  0.0000E+00  1.1763E+03  7.8400E+01
  3.8000E+01  6.0000E+00  2.0902E+01  0.0000E+00  1.1763E+03  7.8400E+01
  3.8000E+01  1.2000E+01  1.3861E+01  0.0000E+00  1.1763E+03  7.8400E+01
  3.8000E+01  2.4000E+01  7.0870E+00  0.0000E+00  1.1763E+03  7.8400E+01
  3.9000E+01  0.0000E+00  0.0000E+00  1.0471E+03  1.3099E+03  7.3300E+01
  3.9000E+01  1.0000E-01  5.5736E+01  0.0000E+00  1.3099E+03  7.3300E+01
  3.9000E+01  2.0000E+00  4.3887E+01  0.0000E+00  1.3099E+03  7.3300E+01
  3.9000E+01  6.0000E+00  2.7134E+01  0.0000E+00  1.3099E+03  7.3300E+01
  3.9000E+01  1.2000E+01  1.2410E+01  0.0000E+00  1.3099E+03  7.3300E+01
  3.9000E+01  2.4000E+01  2.8213E+00  0.0000E+00  1.3099E+03  7.3300E+01
  4.0000E+01  0.0000E+00  0.0000E+00  1.0086E+03  1.5136E+03  7.0600E+01
  4.0000E+01  1.0000E-01  5.7511E+01  0.0000E+00  1.5136E+03  7.0600E+01
  4.0000E+01  2.0000E+00  3.5686E+01  0.0000E+00  1.5136E+03  7.0600E+01
  4.0000E+01  6.0000E+00  2.4990E+01  0.0000E+00  1.5136E+03  7.0600E+01
  4.0000E+01  1.2000E+01  8.3969E+00  0.0000E+00  1.5136E+03  7.0600E+01
  4.0000E+01  2.4000E+01  1.7993E+00  0.0000E+00  1.5136E+03  7.0600E+01
  4.1000E+01  0.0000E+00  0.0000E+00  1.3186E+03  1.4845E+03  9.2300E+01
  4.1000E+01  1.0000E-01  5.4808E+01  0.0000E+00  1.4845E+03  9.2300E+01
  4.1000E+01  2.0000E+00  5.0704E+01  0.0000E+00  1.4845E+03  9.2300E+01
  4.1000E+01  6.0000E+00  2.8802E+01  0.0000E+00  1.4845E+03  9.2300E+01
  4.1000E+01  1.2000E+01  1.4623E+01  0.0000E+00  1.4845E+03  9.2300E+01
  4.1000E+01  2.4000E+01  3.4282E+00  0.0000E+00  1.4845E+03  9.2300E+01
  4.2000E+01  0.0000E+00  0.0000E+00  1.1086E+03  1.1357E+03  7.7600E+01
  4.2000E+01  1.0000E-01  3.3362E+01  0.0000E+00  1.1357E+03  7.7600E+01
  4.2000E+01  2.0000E+00  2.6400E+01  0.0000E+00  1.1357E+03  7.7600E+01
  4.2000E+01  6.0000E+00  1.7067E+01  0.0000E+00  1.1357E+03  7.7600E+01
  4.2000E+01  1.2000E+01  9.9121E+00  0.0000E+00  1.1357E+03  7.7600E+01
  4.2000E+01  2.4000E+01  3.5198E+00  0.0000E+00  1.1357E+03  7.7600E+01
  4.3000E+01  0.0000E+00  0.0000E+00  1.1343E+03  1.3705E+03  7.9400E+01
  4.3000E+01  1.0000E-01  5.2687E+01  0.0000E+00  1.3705E+03  7.9400E+01
  4.3000E+01  2.0000E+00  3.4958E+01  0.0000E+00  1.3705E+03  7.9400E+01
  4.3000E+01  6.0000E+00  2.4562E+01  0.0000E+00  1.3705E+03  7.9400E+01
  4.3000E+01  1.2000E+01  9.3758E+00  0.0000E+00  1.3705E+03  7.9400E+01
  4.3000E+01  2.4000E+01  1.4505E+00  0.0000E+00  1.3705E+03  7.9400E+01
  4.4000E+01  0.0000E+00  0.0000E+00  1.3343E+03  1.2284E+03  9.3400E+01
  4.4000E+01  1.0000E-01  7.6151E+01  0.0000E+00  1.2284E+03  9.3400E+01
  4.4000E+01  2.0000E+00  4.1348E+01  0.0000E+00  1.2284E+03  9.3400E+01
  4.4000E+01  6.0000E+00  3.8043E+01  0.0000E+00  1.2284E+03  9.3400E+01
  4.4000E+01  1.2000E+01  2.3787E+01  0.0000E+00  1.2284E+03  9.3400E+01
  4.4000E+01  2.4000E+01  8.2233E+00  0.0000E+00  1.2284E+03  9.3400E+01
  4.5000E+01  0.0000E+00  0.0000E+00  1.2314E+03  1.2413E+03  8.6200E+01
  4.5000E+01  1.0000E-01  3.5288E+01  0.0000E+00  1.2413E+03  8.6200E+01
  4.5000E+01  2.0000E+00  2.3656E+01  0.0000E+00  1.2413E+03  8.6200E+01
  4.5000E+01  6.0000E+00  1.3563E+01  0.0000E+00  1.2413E+03  8.6200E+01
  4.5000E+01  1.2000E+01  8.0632E+00  0.0000E+00  1.2413E+03  8.6200E+01
  4.5000E+01  2.4000E+01  1.6621E+00  0.0000E+00  1.2413E+03  8.6200E+01
  4.6000E+01  0.0000E+00  0.0000E+00  1.0871E+03  1.3374E+03  7.6100E+01
  4.6000E+01  1.0000E-01  3.9813E+01  0.0000E+00  1.3374E+03  7.6100E+01
  4.6000E+01  2.0000E+00  3.9477E+01  0.0000E+00  1.3374E+03  7.6100E+01
  4.6000E+01  6.0000E+00  1.7367E+01  0.0000E+00  1.3374E+03  7.6100E+01
  4.6000E+01  1.2000E+01  6.2234E+00  0.0000E+00  1.3374E+03  7.6100E+01
  4.6000E+01  2.4000E+01  7.8395E-01  0.0000E+00  1.3374E+03  7.6100E+01
  4.7000E+01  0.0000E+00  0.0000E+00  1.0429E+03  1.1049E+03  7.3000E+01
  4.7000E+01  1.0000E-01  5.6846E+01  0.0000E+00  1.1049E+03  7.3000E+01
  4.7000E+01  2.0000E+00  4.8302E+01  0.0000E+00  1.1049E+03  7.3000E+01
  4.7000E+01  6.0000E+00  2.9738E+01  0.0000E+00  1.1049E+03  7.3000E+01
  4.7000E+01  1.2000E+01  6.9334E+00  0.0000E+00  1.1049E+03  7.3000E+01
  4.7000E+01  2.4000E+01  1.8578E+00  0.0000E+00  1.1049E+03  7.3000E+01
  4.8000E+01  0.0000E+00  0.0000E+00  1.1471E+03  1.3957E+03  8.0300E+01
  4.8000E+01  1.0000E-01  3.1028E+01  0.0000E+00  1.3957E+03  8.0300E+01
  4.8000E+01  2.0000E+00  4.2520E+01  0.0000E+00  1.3957E+03  8.0300E+01
  4.8000E+01  6.0000E+00  2.3311E+01  0.0000E+00  1.3957E+03  8.0300E+01
  4.8000E+01  1.2000E+01  1.5351E+01  0.0000E+00  1.3957E+03  8.0300E+01
  4.8000E+01  2.4000E+01  5.7057E+00  0.0000E+00  1.3957E+03  8.0300E+01
  4.9000E+01  0.0000E+00  0.0000E+00  9.2000E+02  1.3196E+03  6.4400E+01
  4.9000E+01  1.0000E-01  5.6457E+01  0.0000E+00  1.3196E+03  6.4400E+01
  4.9000E+01  2.0000E+00  4.4496E+01  0.0000E+00  1.3196E+03  6.4400E+01
  4.9000E+01  6.0000E+00  2.1776E+01  0.0000E+00  1.3196E+03  6.4400E+01
  4.9000E+01  1.2000E+01  8.0203E+00  0.0000E+00  1.3196E+03  6.4400E+01
  4.9000E+01  2.4000E+01  1.1631E+00  0.0000E+00  1.3196E+03  6.4400E+01
  5.0000E+01  0.0000E+00  0.0000E+00  1.2300E+03  1.4827E+03  8.6100E+01
  5.0000E+01  1.0000E-01  5.5144E+01  0.0000E+00  1.4827E+03  8.6100E+01
  5.0000E+01  2.0000E+00  4.2480E+01  0.0000E+00  1.4827E+03  8.6100E+01
  5.0000E+01  6.0000E+00  2.0752E+01  0.0000E+00  1.4827E+03  8.6100E+01
  5.0000E+01  1.2000E+01  6.9577E+00  0.0000E+00  1.4827E+03  8.6100E+01
  5.0000E+01  2.4000E+01  8.6408E-01  0.0000E+00  1.4827E+03  8.6100E+01
  5.1000E+01  0.0000E+00  0.0000E+00  1.1271E+03  1.2907E+03  7.8900E+01
  5.1000E+01  1.0000E-01  5.4646E+01  0.0000E+00  1.2907E+03  7.8900E+01
  5.1000E+01  2.0000E+00  2.7724E+01  0.0000E+00  1.2907E+03  7.8900E+01
  5.1000E+01  6.0000E+00  2.7302E+01  0.0000E+00  1.2907E+03  7.8900E+01
  5.1000E+01  1.2000E+01  1.1988E+01  0.0000E+00  1.2907E+03  7.8900E+01
  5.1000E+01  2.4000E+01  2.0484E+00  0.0000E+00  1.2907E+03  7.8900E+01
  5.2000E+01  0.0000E+00  0.0000E+00  1.0686E+03  1.3063E+03  7.4800E+01
  5.2000E+01  1.0000E-01  9.3865E+01  0.0000E+00  1.3063E+03  7.4800E+01
  5.2000E+01  2.0000E+00  4.2695E+01  0.0000E+00  1.3063E+03  7.4800E+01
  5.2000E+01  6.0000E+00  2.0170E+01  0.0000E+00  1.3063E+03  7.4800E+01
  5.2000E+01  1.2000E+01  3.7210E+00  0.0000E+00  1.3063E+03  7.4800E+01
  5.2000E+01  2.4000E+01  1.3615E-01  0.0000E+00  1.3063E+03  7.4800E+01
  5.3000E+01  0.0000E+00  0.0000E+00  1.0843E+03  1.4411E+03  7.5900E+01
  5.3000E+01  1.0000E-01  3.2094E+01  0.0000E+00  1.4411E+03  7.5900E+01
  5.3000E+01  2.0000E+00  2.6890E+01  0.0000E+00  1.4411E+03  7.5900E+01
  5.3000E+01  6.0000E+00  1.9202E+01  0.0000E+00  1.4411E+03  7.5900E+01
  5.3000E+01  1.2000E+01  1.2459E+01  0.0000E+00  1.4411E+03  7.5900E+01
  5.3000E+01  2.4000E+01  5.1376E+00  0.0000E+00  1.4411E+03  7.5900E+01
  5.4000E+01  0.0000E+00  0.0000E+00  1.0357E+03  1.2043E+03  7.2500E+01
  5.4000E+01  1.0000E-01  5.0456E+01  0.0000E+00  1.2043E+03  7.2500E+01
  5.4000E+01  2.0000E+00  3.6763E+01  0.0000E+00  1.2043E+03  7.2500E+01
  5.4000E+01  6.0000E+00  2.1865E+01  0.0000E+00  1.2043E+03  7.2500E+01
  5.4000E+01  1.2000E+01  8.6828E+00  0.0000E+00  1.2043E+03  7.2500E+01
  5.4000E+01  2.4000E+01  2.1076E+00  0.0000E+00  1.2043E+03  7.2500E+01
  5.5000E+01  0.0000E+00  0.0000E+00  1.0543E+03  1.1405E+03  7.3800E+01
  5.5000E+01  1.0000E-01  3.5183E+01  0.0000E+00  1.1405E+03  7.3800E+01
  5.5000E+01  2.0000E+00  3.2680E+01  0.0000E+00  1.1405E+03  7.3800E+01
  5.5000E+01  6.0000E+00  1.8418E+01  0.0000E+00  1.1405E+03  7.3800E+01
  5.5000E+01  1.2000E+01  9.2965E+00  0.0000E+00  1.1405E+03  7.3800E+01
  5.5000E+01  2.4000E+01  8.4920E-01  0.0000E+00  1.1405E+03  7.3800E+01
  5.6000E+01  0.0000E+00  0.0000E+00  1.0786E+03  1.2489E+03  7.5500E+01
  5.6000E+01  1.0000E-01  5.6630E+01  0.0000E+00  1.2489E+03  7.5500E+01
  5.6000E+01  2.0000E+00  4.7823E+01  0.0000E+00  1.2489E+03  7.5500E+01
  5.6000E+01  6.0000E+00  2.1074E+01  0.0000E+00  1.2489E+03  7.5500E+01
  5.6000E+01  1.2000E+01  9.6182E+00  0.0000E+00  1.2489E+03  7.5500E+01
  5.6000E+01  2.4000E+01  2.0729E+00  0.0000E+00  1.2489E+03  7.5500E+01
  5.7000E+01  0.0000E+00  0.0000E+00  1.1757E+03  1.1901E+03  8.2300E+01
  5.7000E+01  1.0000E-01  3.5024E+01  0.0000E+00  1.1901E+03  8.2300E+01
  5.7000E+01  2.0000E+00  4.2822E+01  0.0000E+00  1.1901E+03  8.2300E+01
  5.7000E+01  6.0000E+00  2.8831E+01  0.0000E+00  1.1901E+03  8.2300E+01
  5.7000E+01  1.2000E+01  1.5691E+01  0.0000E+00  1.1901E+03  8.2300E+01
  5.7000E+01  2.4000E+01  6.2478E+00  0.0000E+00  1.1901E+03  8.2300E+01
  5.8000E+01  0.0000E+00  0.0000E+00  1.1143E+03  1.2238E+03  7.8000E+01
  5.8000E+01  1.0000E-01  4.2343E+01  0.0000E+00  1.2238E+03  7.8000E+01
  5.8000E+01  2.0000E+00  4.1715E+01  0.0000E+00  1.2238E+03  7.8000E+01
  5.8000E+01  6.0000E+00  2.6183E+01  0.0000E+00  1.2238E+03  7.8000E+01
  5.8000E+01  1.2000E+01  1.3824E+01  0.0000E+00  1.2238E+03  7.8000E+01
  5.8000E+01  2.4000E+01  3.3968E+00  0.0000E+00  1.2238E+03  7.8000E+01
  5.9000E+01  0.0000E+00  0.0000E+00  9.7571E+02  1.1477E+03  6.8300E+01
  5.9000E+01  1.0000E-01  5.2614E+01  0.0000E+00  1.1477E+03  6.8300E+01
  5.9000E+01  2.0000E+00  4.1347E+01  0.0000E+00  1.1477E+03  6.8300E+01
  5.9000E+01  6.0000E+00  2.1499E+01  0.0000E+00  1.1477E+03  6.8300E+01
  5.9000E+01  1.2000E+01  6.8872E+00  0.0000E+00  1.1477E+03  6.8300E+01
  5.9000E+01  2.4000E+01  8.6374E-01  0.0000E+00  1.1477E+03  6.8300E+01
  6.0000E+01  0.0000E+00  0.0000E+00  1.0214E+03  1.3523E+03  7.1500E+01
  6.0000E+01  1.0000E-01  4.1601E+01  0.0000E+00  1.3523E+03  7.1500E+01
  6.0000E+01  2.0000E+00  2.8548E+01  0.0000E+00  1.3523E+03  7.1500E+01
  6.0000E+01  6.0000E+00  1.6928E+01  0.0000E+00  1.3523E+03  7.1500E+01
  6.0000E+01  1.2000E+01  6.4318E+00  0.0000E+00  1.3523E+03  7.1500E+01
  6.0000E+01  2.4000E+01  1.4808E+00  0.0000E+00  1.3523E+03  7.1500E+01
  6.1000E+01  0.0000E+00  0.0000E+00  1.2786E+03  1.2177E+03  8.9500E+01
  6.1000E+01  1.0000E-01  5.3318E+01  0.0000E+00  1.2177E+03  8.9500E+01
  6.1000E+01  2.0000E+00  3.6112E+01  0.0000E+00  1.2177E+03  8.9500E+01
  6.1000E+01  6.0000E+00  2.1866E+01  0.0000E+00  1.2177E+03  8.9500E+01
  6.1000E+01  1.2000E+01  8.2089E+00  0.0000E+00  1.2177E+03  8.9500E+01
  6.1000E+01  2.4000E+01  1.2632E+00  0.0000E+00  1.2177E+03  8.9500E+01
  6.2000E+01  0.0000E+00  0.0000E+00  1.1529E+03  1.3555E+03  8.0700E+01
  6.2000E+01  1.0000E-01  5.2112E+01  0.0000E+00  1.3555E+03  8.0700E+01
  6.2000E+01  2.0000E+00  5.6797E+01  0.0000E+00  1.3555E+03  8.0700E+01
  6.2000E+01  6.0000E+00  2.2023E+01  0.0000E+00  1.3555E+03  8.0700E+01
  6.2000E+01  1.2000E+01  1.1239E+01  0.0000E+00  1.3555E+03  8.0700E+01
  6.2000E+01  2.4000E+01  2.3521E+00  0.0000E+00  1.3555E+03  8.0700E+01
  6.3000E+01  0.0000E+00  0.0000E+00  1.0843E+03  1.1445E+03  7.5900E+01
  6.3000E+01  1.0000E-01  5.1532E+01  0.0000E+00  1.1445E+03  7.5900E+01
  6.3000E+01  2.0000E+00  3.9909E+01  0.0000E+00  1.1445E+03  7.5900E+01
  6.3000E+01  6.0000E+00  2.5486E+01  0.0000E+00  1.1445E+03  7.5900E+01
  6.3000E+01  1.2000E+01  1.7204E+01  0.0000E+00  1.1445E+03  7.5900E+01
  6.3000E+01  2.4000E+01  5.6253E+00  0.0000E+00  1.1445E+03  7.5900E+01
  6.4000E+01  0.0000E+00  0.0000E+00  1.0300E+03  1.1723E+03  7.2100E+01
  6.4000E+01  1.0000E-01  6.5452E+01  0.0000E+00  1.1723E+03  7.2100E+01
  6.4000E+01  2.0000E+00  4.2872E+01  0.0000E+00  1.1723E+03  7.2100E+01
  6.4000E+01  6.0000E+00  3.1740E+01  0.0000E+00  1.1723E+03  7.2100E+01
  6.4000E+01  1.2000E+01  1.4478E+01  0.0000E+00  1.1723E+03  7.2100E+01
  6.4000E+01  2.4000E+01  2.7749E+00  0.0000E+00  1.1723E+03  7.2100E+01
  6.5000E+01  0.0000E+00  0.0000E+00  1.1914E+03  1.0426E+03  8.3400E+01
  6.5000E+01  1.0000E-01  6.0381E+01  0.0000E+00  1.0426E+03  8.3400E+01
  6.5000E+01  2.0000E+00  5.1041E+01  0.0000E+00  1.0426E+03  8.3400E+01
  6.5000E+01  6.0000E+00  3.3340E+01  0.0000E+00  1.0426E+03  8.3400E+01
  6.5000E+01  1.2000E+01  1.7209E+01  0.0000E+00  1.0426E+03  8.3400E+01
  6.5000E+01  2.4000E+01  4.4617E+00  0.0000E+00  1.0426E+03  8.3400E+01
  6.6000E+01  0.0000E+00  0.0000E+00  1.1471E+03  1.0564E+03  8.0300E+01
  6.6000E+01  1.0000E-01  4.0409E+01  0.0000E+00  1.0564E+03  8.0300E+01
  6.6000E+01  2.0000E+00  3.6010E+01  0.0000E+00  1.0564E+03  8.0300E+01
  6.6000E+01  6.0000E+00  2.1705E+01  0.0000E+00  1.0564E+03  8.0300E+01
  6.6000E+01  1.2000E+01  1.3039E+01  0.0000E+00  1.0564E+03  8.0300E+01
  6.6000E+01  2.4000E+01  4.2264E+00  0.0000E+00  1.0564E+03  8.0300E+01
  6.7000E+01  0.0000E+00  0.0000E+00  1.0800E+03  1.2446E+03  7.5600E+01
  6.7000E+01  1.0000E-01  4.9051E+01  0.0000E+00  1.2446E+03  7.5600E+01
  6.7000E+01  2.0000E+00  2.9373E+01  0.0000E+00  1.2446E+03  7.5600E+01
  6.7000E+01  6.0000E+00  2.6183E+01  0.0000E+00  1.2446E+03  7.5600E+01
  6.7000E+01  1.2000E+01  1.1840E+01  0.0000E+00  1.2446E+03  7.5600E+01
  6.7000E+01  2.4000E+01  1.9661E+00  0.0000E+00  1.2446E+03  7.5600E+01
  6.8000E+01  0.0000E+00  0.0000E+00  1.0757E+03  1.3515E+03  7.5300E+01
  6.8000E+01  1.0000E-01  3.4660E+01  0.0000E+00  1.3515E+03  7.5300E+01
  6.8000E+01  2.0000E+00  3.5723E+01  0.0000E+00  1.3515E+03  7.5300E+01
  6.8000E+01  6.0000E+00  2.4943E+01  0.0000E+00  1.3515E+03  7.5300E+01
  6.8000E+01  1.2000E+01  1.9745E+01  0.0000E+00  1.3515E+03  7.5300E+01
  6.8000E+01  2.4000E+01  7.4247E+00  0.0000E+00  1.3515E+03  7.5300E+01
  6.9000E+01  0.0000E+00  0.0000E+00  9.4571E+02  1.1598E+03  6.6200E+01
  6.9000E+01  1.0000E-01  5.0885E+01  0.0000E+00  1.1598E+03  6.6200E+01
  6.9000E+01  2.0000E+00  6.3274E+01  0.0000E+00  1.1598E+03  6.6200E+01
  6.9000E+01  6.0000E+00  2.7192E+01  0.0000E+00  1.1598E+03  6.6200E+01
  6.9000E+01  1.2000E+01  1.3394E+01  0.0000E+00  1.1598E+03  6.6200E+01
  6.9000E+01  2.4000E+01  2.7272E+00  0.0000E+00  1.1598E+03  6.6200E+01
  7.0000E+01  0.0000E+00  0.0000E+00  1.2586E+03  1.3766E+03  8.8100E+01
  7.0000E+01  1.0000E-01  3.7961E+01  0.0000E+00  1.3766E+03  8.8100E+01
  7.0000E+01  2.0000E+00  3.0609E+01  0.0000E+00  1.3766E+03  8.8100E+01
  7.0000E+01  6.0000E+00  2.8429E+01  0.0000E+00  1.3766E+03  8.8100E+01
  7.0000E+01  1.2000E+01  1.3528E+01  0.0000E+00  1.3766E+03  8.8100E+01
  7.0000E+01  2.4000E+01  3.8280E+00  0.0000E+00  1.3766E+03  8.8100E+01
  7.1000E+01  0.0000E+00  0.0000E+00  1.1600E+03  1.5073E+03  8.1200E+01
  7.1000E+01  1.0000E-01  5.1936E+01  0.0000E+00  1.5073E+03  8.1200E+01
  7.1000E+01  2.0000E+00  4.3824E+01  0.0000E+00  1.5073E+03  8.1200E+01
  7.1000E+01  6.0000E+00  2.6457E+01  0.0000E+00  1.5073E+03  8.1200E+01
  7.1000E+01  1.2000E+01  1.6804E+01  0.0000E+00  1.5073E+03  8.1200E+01
  7.1000E+01  2.4000E+01  4.6696E+00  0.0000E+00  1.5073E+03  8.1200E+01
  7.2000E+01  0.0000E+00  0.0000E+00  9.5143E+02  1.3575E+03  6.6600E+01
  7.2000E+01  1.0000E-01  3.1459E+01  0.0000E+00  1.3575E+03  6.6600E+01
  7.2000E+01  2.0000E+00  3.2864E+01  0.0000E+00  1.3575E+03  6.6600E+01
  7.2000E+01  6.0000E+00  1.8658E+01  0.0000E+00  1.3575E+03  6.6600E+01
  7.2000E+01  1.2000E+01  1.5042E+01  0.0000E+00  1.3575E+03  6.6600E+01
  7.2000E+01  2.4000E+01  4.6015E+00  0.0000E+00  1.3575E+03  6.6600E+01
  7.3000E+01  0.0000E+00  0.0000E+00  1.3486E+03  1.2770E+03  9.4400E+01
  7.3000E+01  1.0000E-01  5.1264E+01  0.0000E+00  1.2770E+03  9.4400E+01
  7.3000E+01  2.0000E+00  4.2512E+01  0.0000E+00  1.2770E+03  9.4400E+01
  7.3000E+01  6.0000E+00  1.7981E+01  0.0000E+00  1.2770E+03  9.4400E+01
  7.3000E+01  1.2000E+01  8.7956E+00  0.0000E+00  1.2770E+03  9.4400E+01
  7.3000E+01  2.4000E+01  3.0793E+00  0.0000E+00  1.2770E+03  9.4400E+01
  7.4000E+01  0.0000E+00  0.0000E+00  1.1743E+03  1.3211E+03  8.2200E+01
  7.4000E+01  1.0000E-01  4.5375E+01  0.0000E+00  1.3211E+03  8.2200E+01
  7.4000E+01  2.0000E+00  5.0131E+01  0.0000E+00  1.3211E+03  8.2200E+01
  7.4000E+01  6.0000E+00  2.4615E+01  0.0000E+00  1.3211E+03  8.2200E+01
  7.4000E+01  1.2000E+01  1.2691E+01  0.0000E+00  1.3211E+03  8.2200E+01
  7.4000E+01  2.4000E+01  1.9735E+00  0.0000E+00  1.3211E+03  8.2200E+01
  7.5000E+01  0.0000E+00  0.0000E+00  9.8857E+02  1.0455E+03  6.9200E+01
  7.5000E+01  1.0000E-01  4.3369E+01  0.0000E+00  1.0455E+03  6.9200E+01
  7.5000E+01  2.0000E+00  2.9541E+01  0.0000E+00  1.0455E+03  6.9200E+01
  7.5000E+01  6.0000E+00  2.2109E+01  0.0000E+00  1.0455E+03  6.9200E+01
  7.5000E+01  1.2000E+01  9.3683E+00  0.0000E+00  1.0455E+03  6.9200E+01
  7.5000E+01  2.4000E+01  2.2582E+00  0.0000E+00  1.0455E+03  6.9200E+01
  7.6000E+01  0.0000E+00  0.0000E+00  1.0271E+03  1.2996E+03  7.1900E+01
  7.6000E+01  1.0000E-01  8.6359E+01  0.0000E+00  1.2996E+03  7.1900E+01
  7.6000E+01  2.0000E+00  4.5117E+01  0.0000E+00  1.2996E+03  7.1900E+01
  7.6000E+01  6.0000E+00  2.0042E+01  0.0000E+00  1.2996E+03  7.1900E+01
  7.6000E+01  1.2000E+01  1.1144E+01  0.0000E+00  1.2996E+03  7.1900E+01
  7.6000E+01  2.4000E+01  1.5677E+00  0.0000E+00  1.2996E+03  7.1900E+01
  7.7000E+01  0.0000E+00  0.0000E+00  1.0686E+03  1.1238E+03  7.4800E+01
  7.7000E+01  1.0000E-01  4.7631E+01  0.0000E+00  1.1238E+03  7.4800E+01
  7.7000E+01  2.0000E+00  3.2970E+01  0.0000E+00  1.1238E+03  7.4800E+01
  7.7000E+01  6.0000E+00  2.5987E+01  0.0000E+00  1.1238E+03  7.4800E+01
  7.7000E+01  1.2000E+01  1.5820E+01  0.0000E+00  1.1238E+03  7.4800E+01
  7.7000E+01  2.4000E+01  5.0671E+00  0.0000E+00  1.1238E+03  7.4800E+01
  7.8000E+01  0.0000E+00  0.0000E+00  1.0300E+03  1.4243E+03  7.2100E+01
  7.8000E+01  1.0000E-01  4.1483E+01  0.0000E+00  1.4243E+03  7.2100E+01
  7.8000E+01  2.0000E+00  3.2618E+01  0.0000E+00  1.4243E+03  7.2100E+01
  7.8000E+01  6.0000E+00  1.5585E+01  0.0000E+00  1.4243E+03  7.2100E+01
  7.8000E+01  1.2000E+01  6.2282E+00  0.0000E+00  1.4243E+03  7.2100E+01
  7.8000E+01  2.4000E+01  1.1277E+00  0.0000E+00  1.4243E+03  7.2100E+01
  7.9000E+01  0.0000E+00  0.0000E+00  9.0714E+02  1.2682E+03  6.3500E+01
  7.9000E+01  1.0000E-01  3.8347E+01  0.0000E+00  1.2682E+03  6.3500E+01
  7.9000E+01  2.0000E+00  3.9355E+01  0.0000E+00  1.2682E+03  6.3500E+01
  7.9000E+01  6.0000E+00  2.8167E+01  0.0000E+00  1.2682E+03  6.3500E+01
  7.9000E+01  1.2000E+01  1.4651E+01  0.0000E+00  1.2682E+03  6.3500E+01
  7.9000E+01  2.4000E+01  6.3328E+00  0.0000E+00  1.2682E+03  6.3500E+01
  8.0000E+01  0.0000E+00  0.0000E+00  1.2657E+03  1.2185E+03  8.8600E+01
  8.0000E+01  1.0000E-01  3.0982E+01  0.0000E+00  1.2185E+03  8.8600E+01
  8.0000E+01  2.0000E+00  2.7615E+01  0.0000E+00  1.2185E+03  8.8600E+01
  8.0000E+01  6.0000E+00  2.4150E+01  0.0000E+00  1.2185E+03  8.8600E+01
  8.0000E+01  1.2000E+01  1.4162E+01  0.0000E+00  1.2185E+03  8.8600E+01
  8.0000E+01  2.4000E+01  6.8881E+00  0.0000E+00  1.2185E+03  8.8600E+01
  8.1000E+01  0.0000E+00  0.0000E+00  1.3314E+03  1.1401E+03  9.3200E+01
  8.1000E+01  1.0000E-01  5.4053E+01  0.0000E+00  1.1401E+03  9.3200E+01
  8.1000E+01  2.0000E+00  4.3009E+01  0.0000E+00  1.1401E+03  9.3200E+01
  8.1000E+01  6.0000E+00  2.2123E+01  0.0000E+00  1.1401E+03  9.3200E+01
  8.1000E+01  1.2000E+01  8.5169E+00  0.0000E+00  1.1401E+03  9.3200E+01
  8.1000E+01  2.4000E+01  2.2037E+00  0.0000E+00  1.1401E+03  9.3200E+01
  8.2000E+01  0.0000E+00  0.0000E+00  1.2900E+03  1.0484E+03  9.0300E+01
  8.2000E+01  1.0000E-01  6.5170E+01  0.0000E+00  1.0484E+03  9.0300E+01
  8.2000E+01  2.0000E+00  4.5542E+01  0.0000E+00  1.0484E+03  9.0300E+01
  8.2000E+01  6.0000E+00  2.4994E+01  0.0000E+00  1.0484E+03  9.0300E+01
  8.2000E+01  1.2000E+01  1.0194E+01  0.0000E+00  1.0484E+03  9.0300E+01
  8.2000E+01  2.4000E+01  1.7179E+00  0.0000E+00  1.0484E+03  9.0300E+01
  8.3000E+01  0.0000E+00  0.0000E+00  1.1043E+03  1.4383E+03  7.7300E+01
  8.3000E+01  1.0000E-01  6.5836E+01  0.0000E+00  1.4383E+03  7.7300E+01
  8.3000E+01  2.0000E+00  5.0460E+01  0.0000E+00  1.4383E+03  7.7300E+01
  8.3000E+01  6.0000E+00  2.7562E+01  0.0000E+00  1.4383E+03  7.7300E+01
  8.3000E+01  1.2000E+01  1.3083E+01  0.0000E+00  1.4383E+03  7.7300E+01
  8.3000E+01  2.4000E+01  2.1819E+00  0.0000E+00  1.4383E+03  7.7300E+01
  8.4000E+01  0.0000E+00  0.0000E+00  1.0400E+03  1.1030E+03  7.2800E+01
  8.4000E+01  1.0000E-01  3.4537E+01  0.0000E+00  1.1030E+03  7.2800E+01
  8.4000E+01  2.0000E+00  3.5152E+01  0.0000E+00  1.1030E+03  7.2800E+01
  8.4000E+01  6.0000E+00  3.0181E+01  0.0000E+00  1.1030E+03  7.2800E+01
  8.4000E+01  1.2000E+01  1.5493E+01  0.0000E+00  1.1030E+03  7.2800E+01
  8.4000E+01  2.4000E+01  5.7657E+00  0.0000E+00  1.1030E+03  7.2800E+01
  8.5000E+01  0.0000E+00  0.0000E+00  9.6429E+02  1.3982E+03  6.7500E+01
  8.5000E+01  1.0000E-01  4.4151E+01  0.0000E+00  1.3982E+03  6.7500E+01
  8.5000E+01  2.0000E+00  3.3100E+01  0.0000E+00  1.3982E+03  6.7500E+01
  8.5000E+01  6.0000E+00  1.6600E+01  0.0000E+00  1.3982E+03  6.7500E+01
  8.5000E+01  1.2000E+01  5.0459E+00  0.0000E+00  1.3982E+03  6.7500E+01
  8.5000E+01  2.4000E+01  8.9898E-01  0.0000E+00  1.3982E+03  6.7500E+01
  8.6000E+01  0.0000E+00  0.0000E+00  1.0900E+03  1.0837E+03  7.6300E+01
  8.6000E+01  1.0000E-01  3.8524E+01  0.0000E+00  1.0837E+03  7.6300E+01
  8.6000E+01  2.0000E+00  4.6490E+01  0.0000E+00  1.0837E+03  7.6300E+01
  8.6000E+01  6.0000E+00  3.5469E+01  0.0000E+00  1.0837E+03  7.6300E+01
  8.6000E+01  1.2000E+01  1.9560E+01  0.0000E+00  1.0837E+03  7.6300E+01
  8.6000E+01  2.4000E+01  7.5332E+00  0.0000E+00  1.0837E+03  7.6300E+01
  8.7000E+01  0.0000E+00  0.0000E+00  1.0400E+03  1.2313E+03  7.2800E+01
  8.7000E+01  1.0000E-01  4.1553E+01  0.0000E+00  1.2313E+03  7.2800E+01
  8.7000E+01  2.0000E+00  3.0955E+01  0.0000E+00  1.2313E+03  7.2800E+01
  8.7000E+01  6.0000E+00  1.7972E+01  0.0000E+00  1.2313E+03  7.2800E+01
  8.7000E+01  1.2000E+01  8.7738E+00  0.0000E+00  1.2313E+03  7.2800E+01
  8.7000E+01  2.4000E+01  2.3476E+00  0.0000E+00  1.2313E+03  7.2800E+01
  8.8000E+01  0.0000E+00  0.0000E+00  1.3229E+03  1.3257E+03  9.2600E+01
  8.8000E+01  1.0000E-01  5.0111E+01  0.0000E+00  1.3257E+03  9.2600E+01
  8.8000E+01  2.0000E+00  4.4686E+01  0.0000E+00  1.3257E+03  9.2600E+01
  8.8000E+01  6.0000E+00  2.1261E+01  0.0000E+00  1.3257E+03  9.2600E+01
  8.8000E+01  1.2000E+01  7.8906E+00  0.0000E+00  1.3257E+03  9.2600E+01
  8.8000E+01  2.4000E+01  2.3419E+00  0.0000E+00  1.3257E+03  9.2600E+01
  8.9000E+01  0.0000E+00  0.0000E+00  1.1971E+03  1.3208E+03  8.3800E+01
  8.9000E+01  1.0000E-01  4.4657E+01  0.0000E+00  1.3208E+03  8.3800E+01
  8.9000E+01  2.0000E+00  2.9779E+01  0.0000E+00  1.3208E+03  8.3800E+01
  8.9000E+01  6.0000E+00  2.3043E+01  0.0000E+00  1.3208E+03  8.3800E+01
  8.9000E+01  1.2000E+01  1.7907E+01  0.0000E+00  1.3208E+03  8.3800E+01
  8.9000E+01  2.4000E+01  6.3096E+00  0.0000E+00  1.3208E+03  8.3800E+01
  9.0000E+01  0.0000E+00  0.0000E+00  1.1586E+03  1.4046E+03  8.1100E+01
  9.0000E+01  1.0000E-01  3.8277E+01  0.0000E+00  1.4046E+03  8.1100E+01
  9.0000E+01  2.0000E+00  2.8347E+01  0.0000E+00  1.4046E+03  8.1100E+01
  9.0000E+01  6.0000E+00  2.4608E+01  0.0000E+00  1.4046E+03  8.1100E+01
  9.0000E+01  1.2000E+01  1.9270E+01  0.0000E+00  1.4046E+03  8.1100E+01
  9.0000E+01  2.4000E+01  7.5146E+00  0.0000E+00  1.4046E+03  8.1100E+01
  9.1000E+01  0.0000E+00  0.0000E+00  1.3300E+03  1.2797E+03  9.3100E+01
  9.1000E+01  1.0000E-01  6.0586E+01  0.0000E+00  1.2797E+03  9.3100E+01
  9.1000E+01  2.0000E+00  4.1703E+01  0.0000E+00  1.2797E+03  9.3100E+01
  9.1000E+01  6.0000E+00  2.7765E+01  0.0000E+00  1.2797E+03  9.3100E+01
  9.1000E+01  1.2000E+01  1.4849E+01  0.0000E+00  1.2797E+03  9.3100E+01
  9.1000E+01  2.4000E+01  2.6698E+00  0.0000E+00  1.2797E+03  9.3100E+01
  9.2000E+01  0.0000E+00  0.0000E+00  9.6857E+02  1.0866E+03  6.7800E+01
  9.2000E+01  1.0000E-01  4.2356E+01  0.0000E+00  1.0866E+03  6.7800E+01
  9.2000E+01  2.0000E+00  3.8843E+01  0.0000E+00  1.0866E+03  6.7800E+01
  9.2000E+01  6.0000E+00  2.5573E+01  0.0000E+00  1.0866E+03  6.7800E+01
  9.2000E+01  1.2000E+01  1.5580E+01  0.0000E+00  1.0866E+03  6.7800E+01
  9.2000E+01  2.4000E+01  5.5796E+00  0.0000E+00  1.0866E+03  6.7800E+01
  9.3000E+01  0.0000E+00  0.0000E+00  1.2457E+03  1.1632E+03  8.7200E+01
  9.3000E+01  1.0000E-01  4.1820E+01  0.0000E+00  1.1632E+03  8.7200E+01
  9.3000E+01  2.0000E+00  4.2115E+01  0.0000E+00  1.1632E+03  8.7200E+01
  9.3000E+01  6.0000E+00  2.2184E+01  0.0000E+00  1.1632E+03  8.7200E+01
  9.3000E+01  1.2000E+01  9.4302E+00  0.0000E+00  1.1632E+03  8.7200E+01
  9.3000E+01  2.4000E+01  1.9767E+00  0.0000E+00  1.1632E+03  8.7200E+01
  9.4000E+01  0.0000E+00  0.0000E+00  9.8143E+02  1.4735E+03  6.8700E+01
  9.4000E+01  1.0000E-01  3.9635E+01  0.0000E+00  1.4735E+03  6.8700E+01
  9.4000E+01  2.0000E+00  4.3487E+01  0.0000E+00  1.4735E+03  6.8700E+01
  9.4000E+01  6.0000E+00  2.3861E+01  0.0000E+00  1.4735E+03  6.8700E+01
  9.4000E+01  1.2000E+01  1.3389E+01  0.0000E+00  1.4735E+03  6.8700E+01
  9.4000E+01  2.4000E+01  3.5913E+00  0.0000E+00  1.4735E+03  6.8700E+01
  9.5000E+01  0.0000E+00  0.0000E+00  1.2886E+03  1.4784E+03  9.0200E+01
  9.5000E+01  1.0000E-01  3.8985E+01  0.0000E+00  1.4784E+03  9.0200E+01
  9.5000E+01  2.0000E+00  3.7326E+01  0.0000E+00  1.4784E+03  9.0200E+01
  9.5000E+01  6.0000E+00  2.6917E+01  0.0000E+00  1.4784E+03  9.0200E+01
  9.5000E+01  1.2000E+01  1.6308E+01  0.0000E+00  1.4784E+03  9.0200E+01
  9.5000E+01  2.4000E+01  5.3259E+00  0.0000E+00  1.4784E+03  9.0200E+01
  9.6000E+01  0.0000E+00  0.0000E+00  1.1014E+03  1.2964E+03  7.7100E+01
  9.6000E+01  1.0000E-01  3.0299E+01  0.0000E+00  1.2964E+03  7.7100E+01
  9.6000E+01  2.0000E+00  2.9930E+01  0.0000E+00  1.2964E+03  7.7100E+01
  9.6000E+01  6.0000E+00  2.0891E+01  0.0000E+00  1.2964E+03  7.7100E+01
  9.6000E+01  1.2000E+01  1.9098E+01  0.0000E+00  1.2964E+03  7.7100E+01
  9.6000E+01  2.4000E+01  8.3205E+00  0.0000E+00  1.2964E+03  7.7100E+01
  9.7000E+01  0.0000E+00  0.0000E+00  1.1071E+03  1.1681E+03  7.7500E+01
  9.7000E+01  1.0000E-01  5.9130E+01  0.0000E+00  1.1681E+03  7.7500E+01
  9.7000E+01  2.0000E+00  3.2431E+01  0.0000E+00  1.1681E+03  7.7500E+01
  9.7000E+01  6.0000E+00  2.5318E+01  0.0000E+00  1.1681E+03  7.7500E+01
  9.7000E+01  1.2000E+01  7.0128E+00  0.0000E+00  1.1681E+03  7.7500E+01
  9.7000E+01  2.4000E+01  1.8326E+00  0.0000E+00  1.1681E+03  7.7500E+01
  9.8000E+01  0.0000E+00  0.0000E+00  1.1857E+03  1.1904E+03  8.3000E+01
  9.8000E+01  1.0000E-01  6.2834E+01  0.0000E+00  1.1904E+03  8.3000E+01
  9.8000E+01  2.0000E+00  4.0019E+01  0.0000E+00  1.1904E+03  8.3000E+01
  9.8000E+01  6.0000E+00  2.9804E+01  0.0000E+00  1.1904E+03  8.3000E+01
  9.8000E+01  1.2000E+01  1.0588E+01  0.0000E+00  1.1904E+03  8.3000E+01
  9.8000E+01  2.4000E+01  1.4197E+00  0.0000E+00  1.1904E+03  8.3000E+01
  9.9000E+01  0.0000E+00  0.0000E+00  9.8714E+02  1.4510E+03  6.9100E+01
  9.9000E+01  1.0000E-01  5.3668E+01  0.0000E+00  1.4510E+03  6.9100E+01
  9.9000E+01  2.0000E+00  3.3106E+01  0.0000E+00  1.4510E+03  6.9100E+01
  9.9000E+01  6.0000E+00  2.3634E+01  0.0000E+00  1.4510E+03  6.9100E+01
  9.9000E+01  1.2000E+01  1.0749E+01  0.0000E+00  1.4510E+03  6.9100E+01
  9.9000E+01  2.4000E+01  2.2639E+00  0.0000E+00  1.4510E+03  6.9100E+01
  1.0000E+02  0.0000E+00  0.0000E+00  1.0286E+03  1.2143E+03  7.2000E+01
  1.0000E+02  1.0000E-01  7.5234E+01  0.0000E+00  1.2143E+03  7.2000E+01
  1.0000E+02  2.0000E+00  4.2927E+01  0.0000E+00  1.2143E+03  7.2000E+01
  1.0000E+02  6.0000E+00  2.0566E+01  0.0000E+00  1.2143E+03  7.2000E+01
  1.0000E+02  1.2000E+01  9.3646E+00  0.0000E+00  1.2143E+03  7.2000E+01
  1.0000E+02  2.4000E+01  1.3783E+00  0.0000E+00  1.2143E+03  7.2000E+01
