  1.0000E+00  0.0000E+00  0.0000E+00  1.1657E+03  1.0863E+03  8.1600E+01
  1.0000E+00  1.0000E-01  4.0915E+01  0.0000E+00  1.0863E+03  8.1600E+01
  1.0000E+00  2.0000E+00  3.0755E+01  0.0000E+00  1.0863E+03  8.1600E+01
  1.0000E+00  6.0000E+00  1.7576E+01  0.0000E+00  1.0863E+03  8.1600E+01
  1.0000E+00  1.2000E+01  5.4171E+00  0.0000E+00  1.0863E+03  8.1600E+01
  1.0000E+00  2.4000E+01  1.0668E+00  0.0000E+00  1.0863E+03  8.1600E+01
  2.0000E+00  0.0000E+00  0.0000E+00  1.1071E+03  1.3316E+03  7.7500E+01
  2.0000E+00  1.0000E-01  4.7660E+01  0.0000E+00  1.3316E+03  7.7500E+01
  2.0000E+00  2.0000E+00  3.2277E+01  0.0000E+00  1.3316E+03  7.7500E+01
  2.0000E+00  6.0000E+00  2.2191E+01  0.0000E+00  1.3316E+03  7.7500E+01
  2.0000E+00  1.2000E+01  8.9680E+00  0.0000E+00  1.3316E+03  7.7500E+01
  2.0000E+00  2.4000E+01  1.4932E+00  0.0000E+00  1.3316E+03  7.7500E+01
  3.0000E+00  0.0000E+00  0.0000E+00  1.0971E+03  1.3253E+03  7.6800E+01
  3.0000E+00  1.0000E-01  5.3965E+01  0.0000E+00  1.3253E+03  7.6800E+01
  3.0000E+00  2.0000E+00  3.5783E+01  0.0000E+00  1.3253E+03  7.6800E+01
  3.0000E+00  6.0000E+00  1.6540E+01  0.0000E+00  1.3253E+03  7.6800E+01
  3.0000E+00  1.2000E+01  4.2846E+00  0.0000E+00  1.3253E+03  7.6800E+01
  3.0000E+00  2.4000E+01  3.4103E-01  0.0000E+00  1.3253E+03  7.6800E+01
  4.0000E+00  0.0000E+00  0.0000E+00  1.2286E+03  1.3321E+03  8.6000E+01
  4.0000E+00  1.0000E-01  4.3176E+01  0.0000E+00  1.3321E+03  8.6000E+01
  4.0000E+00  2.0000E+00  3.3926E+01  0.0000E+00  1.3321E+03  8.6000E+01
  4.0000E+00  6.0000E+00  2.0281E+01  0.0000E+00  1.3321E+03  8.6000E+01
  4.0000E+00  1.2000E+01  8.9459E+00  0.0000E+00  1.3321E+03  8.6000E+01
  4.0000E+00  2.4000E+01  2.0927E+00  0.0000E+00  1.3321E+03  8.6000E+01
  5.0000E+00  0.0000E+00  0.0000E+00  1.3314E+03  1.4467E+03  9.3200E+01
  5.0000E+00  1.0000E-01  4.4426E+01  0.0000E+00  1.4467E+03  9.3200E+01
  5.0000E+00  2.0000E+00  3.6113E+01  0.0000E+00  1.4467E+03  9.3200E+01
  5.0000E+00  6.0000E+00  1.7930E+01  0.0000E+00  1.4467E+03  9.3200E+01
  5.0000E+00  1.2000E+01  9.7403E+00  0.0000E+00  1.4467E+03  9.3200E+01
  5.0000E+00  2.4000E+01  1.6401E+00  0.0000E+00  1.4467E+03  9.3200E+01
  6.0000E+00  0.0000E+00  0.0000E+00  9.4429E+02  1.3403E+03  6.6100E+01
  6.0000E+00  1.0000E-01  6.7582E+01  0.0000E+00  1.3403E+03  6.6100E+01
  6.0000E+00  2.0000E+00  3.9899E+01  0.0000E+00  1.3403E+03  6.6100E+01
  6.0000E+00  6.0000E+00  1.8168E+01  0.0000E+00  1.3403E+03  6.6100E+01
  6.0000E+00  1.2000E+01  6.5716E+00  0.0000E+00  1.3403E+03  6.6100E+01
  6.0000E+00  2.4000E+01  5.9939E-01  0.0000E+00  1.3403E+03  6.6100E+01
  7.0000E+00  0.0000E+00  0.0000E+00  1.2600E+03  1.0360E+03  8.8200E+01
  7.0000E+00  1.0000E-01  5.6975E+01  0.0000E+00  1.0360E+03  8.8200E+01
  7.0000E+00  2.0000E+00  3.7971E+01  0.0000E+00  1.0360E+03  8.8200E+01
  7.0000E+00  6.0000E+00  2.9564E+01  0.0000E+00  1.0360E+03  8.8200E+01
  7.0000E+00  1.2000E+01  1.3075E+01  0.0000E+00  1.0360E+03  8.8200E+01
  7.0000E+00  2.4000E+01  3.3182E+00  0.0000E+00  1.0360E+03  8.8200E+01
  8.0000E+00  0.0000E+00  0.0000E+00  1.1214E+03  1.1436E+03  7.8500E+01
  8.0000E+00  1.0000E-01  3.5907E+01  0.0000E+00  1.1436E+03  7.8500E+01
  8.0000E+00  2.0000E+00  3.5239E+01  0.0000E+00  1.1436E+03  7.8500E+01
  8.0000E+00  6.0000E+00  2.0832E+01  0.0000E+00  1.1436E+03  7.8500E+01
  8.0000E+00  1.2000E+01  1.1211E+01  0.0000E+00  1.1436E+03  7.8500E+01
  8.0000E+00  2.4000E+01  3.6664E+00  0.0000E+00  1.1436E+03  7.8500E+01
  9.0000E+00  0.0000E+00  0.0000E+00  1.0129E+03  1.3527E+03  7.0900E+01
  9.0000E+00  1.0000E-01  4.7155E+01  0.0000E+00  1.3527E+03  7.0900E+01
  9.0000E+00  2.0000E+00  3.3706E+01  0.0000E+00  1.3527E+03  7.0900E+01
  9.0000E+00  6.0000E+00  2.2201E+01  0.0000E+00  1.3527E+03  7.0900E+01
  9.0000E+00  1.2000E+01  1.3942E+01  0.0000E+00  1.3527E+03  7.0900E+01
  9.0000E+00  2.4000E+01  3.1765E+00  0.0000E+00  1.3527E+03  7.0900E+01
  1.0000E+01  0.0000E+00  0.0000E+00  1.1029E+03  1.2795E+03  7.7200E+01
  1.0000E+01  1.0000E-01  3.3407E+01  0.0000E+00  1.2795E+03  7.7200E+01
  1.0000E+01  2.0000E+00  3.8157E+01  0.0000E+00  1.2795E+03  7.7200E+01
  1.0000E+01  6.0000E+00  2.6881E+01  0.0000E+00  1.2795E+03  7.7200E+01
  1.0000E+01  1.2000E+01  1.1023E+01  0.0000E+00  1.2795E+03  7.7200E+01
  1.0000E+01  2.4000E+01  5.2805E+00  0.0000E+00  1.2795E+03  7.7200E+01
  1.1000E+01  0.0000E+00  0.0000E+00  9.4714E+02  1.3660E+03  6.6300E+01
  1.1000E+01  1.0000E-01  5.7066E+01  0.0000E+00  1.3660E+03  6.6300E+01
  1.1000E+01  2.0000E+00  3.6701E+01  0.0000E+00  1.3660E+03  6.6300E+01
  1.1000E+01  6.0000E+00  2.9119E+01  0.0000E+00  1.3660E+03  6.6300E+01
  1.1000E+01  1.2000E+01  1.7202E+01  0.0000E+00  1.3660E+03  6.6300E+01
  1.1000E+01  2.4000E+01  3.9122E+00  0.0000E+00  1.3660E+03  6.6300E+01
  1.2000E+01  0.0000E+00  0.0000E+00  9.9571E+02  1.2943E+03  6.9700E+01
  1.2000E+01  1.0000E-01  5.3547E+01  0.0000E+00  1.2943E+03  6.9700E+01
  1.2000E+01  2.0000E+00  3.5224E+01  0.0000E+00  1.2943E+03  6.9700E+01
  1.2000E+01  6.0000E+00  2.4283E+01  0.0000E+00  1.2943E+03  6.9700E+01
  1.2000E+01  1.2000E+01  8.1040E+00  0.0000E+00  1.2943E+03  6.9700E+01
  1.2000E+01  2.4000E+01  1.0105E+00  0.0000E+00  1.2943E+03  6.9700E+01
  1.3000E+01  0.0000E+00  0.0000E+00  1.3500E+03  1.1678E+03  9.4500E+01
  1.3000E+01  1.0000E-01  6.6914E+01  0.0000E+00  1.1678E+03  9.4500E+01
  1.3000E+01  2.0000E+00  4.5266E+01  0.0000E+00  1.1678E+03  9.4500E+01
  1.3000E+01  6.0000E+00  3.5691E+01  0.0000E+00  1.1678E+03  9.4500E+01
  1.3000E+01  1.2000E+01  1.1568E+01  0.0000E+00  1.1678E+03  9.4500E+01
  1.3000E+01  2.4000E+01  1.8615E+00  0.0000E+00  1.1678E+03  9.4500E+01
  1.4000E+01  0.0000E+00  0.0000E+00  1.1300E+03  1.4769E+03  7.9100E+01
  1.4000E+01  1.0000E-01  6.3137E+01  0.0000E+00  1.4769E+03  7.9100E+01
  1.4000E+01  2.0000E+00  3.9393E+01  0.0000E+00  1.4769E+03  7.9100E+01
  1.4000E+01  6.0000E+00  2.7510E+01  0.0000E+00  1.4769E+03  7.9100E+01
  1.4000E+01  1.2000E+01  9.5385E+00  0.0000E+00  1.4769E+03  7.9100E+01
  1.4000E+01  2.4000E+01  1.8593E+00  0.0000E+00  1.4769E+03  7.9100E+01
  1.5000E+01  0.0000E+00  0.0000E+00  1.1000E+03  1.1724E+03  7.7000E+01
  1.5000E+01  1.0000E-01  6.5666E+01  0.0000E+00  1.1724E+03  7.7000E+01
  1.5000E+01  2.0000E+00  5.4944E+01  0.0000E+00  1.1724E+03  7.7000E+01
  1.5000E+01  6.0000E+00  3.2228E+01  0.0000E+00  1.1724E+03  7.7000E+01
  1.5000E+01  1.2000E+01  1.0460E+01  0.0000E+00  1.1724E+03  7.7000E+01
  1.5000E+01  2.4000E+01  1.9243E+00  0.0000E+00  1.1724E+03  7.7000E+01
  1.6000E+01  0.0000E+00  0.0000E+00  9.5143E+02  1.4353E+03  6.6600E+01
  1.6000E+01  1.0000E-01  4.4768E+01  0.0000E+00  1.4353E+03  6.6600E+01
  1.6000E+01  2.0000E+00  3.3530E+01  0.0000E+00  1.4353E+03  6.6600E+01
  1.6000E+01  6.0000E+00  1.4356E+01  0.0000E+00  1.4353E+03  6.6600E+01
  1.6000E+01  1.2000E+01  9.6911E+00  0.0000E+00  1.4353E+03  6.6600E+01
  1.6000E+01  2.4000E+01  3.0836E+00  0.0000E+00  1.4353E+03  6.6600E+01
  1.7000E+01  0.0000E+00  0.0000E+00  1.0071E+03  1.1695E+03  7.0500E+01
  1.7000E+01  1.0000E-01  4.8078E+01  0.0000E+00  1.1695E+03  7.0500E+01
  1.7000E+01  2.0000E+00  3.5831E+01  0.0000E+00  1.1695E+03  7.0500E+01
  1.7000E+01  6.0000E+00  2.1945E+01  0.0000E+00  1.1695E+03  7.0500E+01
  1.7000E+01  1.2000E+01  9.4181E+00  0.0000E+00  1.1695E+03  7.0500E+01
  1.7000E+01  2.4000E+01  3.3661E+00  0.0000E+00  1.1695E+03  7.0500E+01
  1.8000E+01  0.0000E+00  0.0000E+00  1.0457E+03  1.1601E+03  7.3200E+01
  1.8000E+01  1.0000E-01  7.8320E+01  0.0000E+00  1.1601E+03  7.3200E+01
  1.8000E+01  2.0000E+00  6.2884E+01  0.0000E+00  1.1601E+03  7.3200E+01
  1.8000E+01  6.0000E+00  3.8490E+01  0.0000E+00  1.1601E+03  7.3200E+01
  1.8000E+01  1.2000E+01  1.4437E+01  0.0000E+00  1.1601E+03  7.3200E+01
  1.8000E+01  2.4000E+01  2.4706E+00  0.0000E+00  1.1601E+03  7.3200E+01
  1.9000E+01  0.0000E+00  0.0000E+00  1.2714E+03  1.1215E+03  8.9000E+01
  1.9000E+01  1.0000E-01  4.8693E+01  0.0000E+00  1.1215E+03  8.9000E+01
  1.9000E+01  2.0000E+00  3.5125E+01  0.0000E+00  1.1215E+03  8.9000E+01
  1.9000E+01  6.0000E+00  1.7388E+01  0.0000E+00  1.1215E+03  8.9000E+01
  1.9000E+01  1.2000E+01  1.8138E+01  0.0000E+00  1.1215E+03  8.9000E+01
  1.9000E+01  2.4000E+01  6.1361E+00  0.0000E+00  1.1215E+03  8.9000E+01
  2.0000E+01  0.0000E+00  0.0000E+00  1.2500E+03  1.1434E+03  8.7500E+01
  2.0000E+01  1.0000E-01  6.6098E+01  0.0000E+00  1.1434E+03  8.7500E+01
  2.0000E+01  2.0000E+00  5.9171E+01  0.0000E+00  1.1434E+03  8.7500E+01
  2.0000E+01  6.0000E+00  2.0441E+01  0.0000E+00  1.1434E+03  8.7500E+01
  2.0000E+01  1.2000E+01  1.1920E+01  0.0000E+00  1.1434E+03  8.7500E+01
  2.0000E+01  2.4000E+01  1.7046E+00  0.0000E+00  1.1434E+03  8.7500E+01
  2.1000E+01  0.0000E+00  0.0000E+00  1.1186E+03  1.1841E+03  7.8300E+01
  2.1000E+01  1.0000E-01  4.8994E+01  0.0000E+00  1.1841E+03  7.8300E+01
  2.1000E+01  2.0000E+00  3.2812E+01  0.0000E+00  1.1841E+03  7.8300E+01
  2.1000E+01  6.0000E+00  1.4259E+01  0.0000E+00  1.1841E+03  7.8300E+01
  2.1000E+01  1.2000E+01  4.1362E+00  0.0000E+00  1.1841E+03  7.8300E+01
  2.1000E+01  2.4000E+01  4.4932E-01  0.0000E+00  1.1841E+03  7.8300E+01
  2.2000E+01  0.0000E+00  0.0000E+00  1.1700E+03  1.1774E+03  8.1900E+01
  2.2000E+01  1.0000E-01  5.6053E+01  0.0000E+00  1.1774E+03  8.1900E+01
  2.2000E+01  2.0000E+00  3.6672E+01  0.0000E+00  1.1774E+03  8.1900E+01
  2.2000E+01  6.0000E+00  2.0717E+01  0.0000E+00  1.1774E+03  8.1900E+01
  2.2000E+01  1.2000E+01  1.0820E+01  0.0000E+00  1.1774E+03  8.1900E+01
  2.2000E+01  2.4000E+01  2.4305E+00  0.0000E+00  1.1774E+03  8.1900E+01
  2.3000E+01  0.0000E+00  0.0000E+00  1.0986E+03  1.1081E+03  7.6900E+01
  2.3000E+01  1.0000E-01  5.1386E+01  0.0000E+00  1.1081E+03  7.6900E+01
  2.3000E+01  2.0000E+00  4.4655E+01  0.0000E+00  1.1081E+03  7.6900E+01
  2.3000E+01  6.0000E+00  3.7712E+01  0.0000E+00  1.1081E+03  7.6900E+01
  2.3000E+01  1.2000E+01  1.6333E+01  0.0000E+00  1.1081E+03  7.6900E+01
  2.3000E+01  2.4000E+01  4.9894E+00  0.0000E+00  1.1081E+03  7.6900E+01
  2.4000E+01  0.0000E+00  0.0000E+00  1.3386E+03  1.0507E+03  9.3700E+01
  2.4000E+01  1.0000E-01  2.5325E+01  0.0000E+00  1.0507E+03  9.3700E+01
  2.4000E+01  2.0000E+00  2.2880E+01  0.0000E+00  1.0507E+03  9.3700E+01
  2.4000E+01  6.0000E+00  1.0765E+01  0.0000E+00  1.0507E+03  9.3700E+01
  2.4000E+01  1.2000E+01  5.1501E+00  0.0000E+00  1.0507E+03  9.3700E+01
  2.4000E+01  2.4000E+01  9.1286E-01  0.0000E+00  1.0507E+03  9.3700E+01
  2.5000E+01  0.0000E+00  0.0000E+00  1.0700E+03  1.1369E+03  7.4900E+01
  2.5000E+01  1.0000E-01  4.4111E+01  0.0000E+00  1.1369E+03  7.4900E+01
  2.5000E+01  2.0000E+00  4.0593E+01  0.0000E+00  1.1369E+03  7.4900E+01
  2.5000E+01  6.0000E+00  2.0386E+01  0.0000E+00  1.1369E+03  7.4900E+01
  2.5000E+01  1.2000E+01  1.8882E+01  0.0000E+00  1.1369E+03  7.4900E+01
  2.5000E+01  2.4000E+01  9.4140E+00  0.0000E+00  1.1369E+03  7.4900E+01
  2.6000E+01  0.0000E+00  0.0000E+00  1.1771E+03  1.4224E+03  8.2400E+01
  2.6000E+01  1.0000E-01  4.2041E+01  0.0000E+00  1.4224E+03  8.2400E+01
  2.6000E+01  2.0000E+00  3.1041E+01  0.0000E+00  1.4224E+03  8.2400E+01
  2.6000E+01  6.0000E+00  2.1167E+01  0.0000E+00  1.4224E+03  8.2400E+01
  2.6000E+01  1.2000E+01  1.5591E+01  0.0000E+00  1.4224E+03  8.2400E+01
  2.6000E+01  2.4000E+01  5.8324E+00  0.0000E+00  1.4224E+03  8.2400E+01
  2.7000E+01  0.0000E+00  0.0000E+00  1.2757E+03  1.2850E+03  8.9300E+01
  2.7000E+01  1.0000E-01  4.6382E+01  0.0000E+00  1.2850E+03  8.9300E+01
  2.7000E+01  2.0000E+00  4.2884E+01  0.0000E+00  1.2850E+03  8.9300E+01
  2.7000E+01  6.0000E+00  2.5124E+01  0.0000E+00  1.2850E+03  8.9300E+01
  2.7000E+01  1.2000E+01  1.1906E+01  0.0000E+00  1.2850E+03  8.9300E+01
  2.7000E+01  2.4000E+01  2.3685E+00  0.0000E+00  1.2850E+03  8.9300E+01
  2.8000E+01  0.0000E+00  0.0000E+00  9.2286E+02  1.4726E+03  6.4600E+01
  2.8000E+01  1.0000E-01  5.0187E+01  0.0000E+00  1.4726E+03  6.4600E+01
  2.8000E+01  2.0000E+00  2.7043E+01  0.0000E+00  1.4726E+03  6.4600E+01
  2.8000E+01  6.0000E+00  2.0042E+01  0.0000E+00  1.4726E+03  6.4600E+01
  2.8000E+01  1.2000E+01  6.5374E+00  0.0000E+00  1.4726E+03  6.4600E+01
  2.8000E+01  2.4000E+01  1.0616E+00  0.0000E+00  1.4726E+03  6.4600E+01
  2.9000E+01  0.0000E+00  0.0000E+00  1.1986E+03  1.4324E+03  8.3900E+01
  2.9000E+01  1.0000E-01  3.2410E+01  0.0000E+00  1.4324E+03  8.3900E+01
  2.9000E+01  2.0000E+00  3.5243E+01  0.0000E+00  1.4324E+03  8.3900E+01
  2.9000E+01  6.0000E+00  2.0363E+01  0.0000E+00  1.4324E+03  8.3900E+01
  2.9000E+01  1.2000E+01  1.0484E+01  0.0000E+00  1.4324E+03  8.3900E+01
  2.9000E+01  2.4000E+01  4.6538E+00  0.0000E+00  1.4324E+03  8.3900E+01
  3.0000E+01  0.0000E+00  0.0000E+00  1.1886E+03  1.0535E+03  8.3200E+01
  3.0000E+01  1.0000E-01  5.1349E+01  0.0000E+00  1.0535E+03  8.3200E+01
  3.0000E+01  2.0000E+00  4.6104E+01  0.0000E+00  1.0535E+03  8.3200E+01
  3.0000E+01  6.0000E+00  3.1578E+01  0.0000E+00  1.0535E+03  8.3200E+01
  3.0000E+01  1.2000E+01  1.6520E+01  0.0000E+00  1.0535E+03  8.3200E+01
  3.0000E+01  2.4000E+01  4.8575E+00  0.0000E+00  1.0535E+03  8.3200E+01
  3.1000E+01  0.0000E+00  0.0000E+00  9.6429E+02  1.2514E+03  6.7500E+01
  3.1000E+01  1.0000E-01  6.2955E+01  0.0000E+00  1.2514E+03  6.7500E+01
  3.1000E+01  2.0000E+00  4.4915E+01  0.0000E+00  1.2514E+03  6.7500E+01
  3.1000E+01  6.0000E+00  1.8765E+01  0.0000E+00  1.2514E+03  6.7500E+01
  3.1000E+01  1.2000E+01  6.4672E+00  0.0000E+00  1.2514E+03  6.7500E+01
  3.1000E+01  2.4000E+01  8.2734E-01  0.0000E+00  1.2514E+03  6.7500E+01
  3.2000E+01  0.0000E+00  0.0000E+00  1.1729E+03  1.1593E+03  8.2100E+01
  3.2000E+01  1.0000E-01  6.1258E+01  0.0000E+00  1.1593E+03  8.2100E+01
  3.2000E+01  2.0000E+00  3.2692E+01  0.0000E+00  1.1593E+03  8.2100E+01
  3.2000E+01  6.0000E+00  1.8950E+01  0.0000E+00  1.1593E+03  8.2100E+01
  3.2000E+01  1.2000E+01  8.6818E+00  0.0000E+00  1.1593E+03  8.2100E+01
  3.2000E+01  2.4000E+01  1.0442E+00  0.0000E+00  1.1593E+03  8.2100E+01
  3.3000E+01  0.0000E+00  0.0000E+00  1.1543E+03  1.1784E+03  8.0800E+01
  3.3000E+01  1.0000E-01  5.7144E+01  0.0000E+00  1.1784E+03  8.0800E+01
  3.3000E+01  2.0000E+00  4.6110E+01  0.0000E+00  1.1784E+03  8.0800E+01
  3.3000E+01  6.0000E+00  2.5592E+01  0.0000E+00  1.1784E+03  8.0800E+01
  3.3000E+01  1.2000E+01  8.1483E+00  0.0000E+00  1.1784E+03  8.0800E+01
  3.3000E+01  2.4000E+01  1.0573E+00  0.0000E+00  1.1784E+03  8.0800E+01
  3.4000E+01  0.0000E+00  0.0000E+00  1.1457E+03  1.2761E+03  8.0200E+01
  3.4000E+01  1.0000E-01  8.2596E+01  0.0000E+00  1.2761E+03  8.0200E+01
  3.4000E+01  2.0000E+00  4.1975E+01  0.0000E+00  1.2761E+03  8.0200E+01
  3.4000E+01  6.0000E+00  2.4498E+01  0.0000E+00  1.2761E+03  8.0200E+01
  3.4000E+01  1.2000E+01  5.0553E+00  0.0000E+00  1.2761E+03  8.0200E+01
  3.4000E+01  2.4000E+01  3.1578E-01  0.0000E+00  1.2761E+03  8.0200E+01
  3.5000E+01  0.0000E+00  0.0000E+00  9.4429E+02  1.1188E+03  6.6100E+01
  3.5000E+01  1.0000E-01  3.9514E+01  0.0000E+00  1.1188E+03  6.6100E+01
  3.5000E+01  2.0000E+00  3.2558E+01  0.0000E+00  1.1188E+03  6.6100E+01
  3.5000E+01  6.0000E+00  2.2510E+01  0.0000E+00  1.1188E+03  6.6100E+01
  3.5000E+01  1.2000E+01  9.3535E+00  0.0000E+00  1.1188E+03  6.6100E+01
  3.5000E+01  2.4000E+01  2.8521E+00  0.0000E+00  1.1188E+03  6.6100E+01
  3.6000E+01  0.0000E+00  0.0000E+00  1.2443E+03  1.3979E+03  8.7100E+01
  3.6000E+01  1.0000E-01  3.9484E+01  0.0000E+00  1.3979E+03  8.7100E+01
  3.6000E+01  2.0000E+00  2.3631E+01  0.0000E+00  1.3979E+03  8.7100E+01
  3.6000E+01  6.0000E+00  2.6556E+01  0.0000E+00  1.3979E+03  8.7100E+01
  3.6000E+01  1.2000E+01  1.4685E+01  0.0000E+00  1.3979E+03  8.7100E+01
  3.6000E+01  2.4000E+01  4.8192E+00  0.0000E+00  1.3979E+03  8.7100E+01
  3.7000E+01  0.0000E+00  0.0000E+00  9.0286E+02  1.1285E+03  6.3200E+01
  3.7000E+01  1.0000E-01  4.9205E+01  0.0000E+00  1.1285E+03  6.3200E+01
  3.7000E+01  2.0000E+00  3.6533E+01  0.0000E+00  1.1285E+03  6.3200E+01
  3.7000E+01  6.0000E+00  2.3508E+01  0.0000E+00  1.1285E+03  6.3200E+01
  3.7000E+01  1.2000E+01  1.1439E+01  0.0000E+00  1.1285E+03  6.3200E+01
  3.7000E+01  2.4000E+01  2.9923E+00  0.0000E+00  1.1285E+03  6.3200E+01
  3.8000E+01  0.0000E+00  0.0000E+00  1.0314E+03  1.1562E+03  7.2200E+01
  3.8000E+01  1.0000E-01  6.2537E+01  0.0000E+00  1.1562E+03  7.2200E+01
  3.8000E+01  2.0000E+00  4.0340E+01  0.0000E+00  1.1562E+03  7.2200E+01
  3.8000E+01  6.0000E+00  1.5358E+01  0.0000E+00  1.1562E+03  7.2200E+01
  3.8000E+01  1.2000E+01  3.8012E+00  0.0000E+00  1.1562E+03  7.2200E+01
  3.8000E+01  2.4000E+01  2.7308E-01  0.0000E+00  1.1562E+03  7.2200E+01
  3.9000E+01  0.0000E+00  0.0000E+00  1.1557E+03  1.5100E+03  8.0900E+01
  3.9000E+01  1.0000E-01  4.8700E+01  0.0000E+00  1.5100E+03  8.0900E+01
  3.9000E+01  2.0000E+00  3.9603E+01  0.0000E+00  1.5100E+03  8.0900E+01
  3.9000E+01  6.0000E+00  2.0503E+01  0.0000E+00  1.5100E+03  8.0900E+01
  3.9000E+01  1.2000E+01  8.6238E+00  0.0000E+00  1.5100E+03  8.0900E+01
  3.9000E+01  2.4000E+01  1.3888E+00  0.0000E+00  1.5100E+03  8.0900E+01
  4.0000E+01  0.0000E+00  0.0000E+00  1.0129E+03  1.4209E+03  7.0900E+01
  4.0000E+01  1.0000E-01  7.0098E+01  0.0000E+00  1.4209E+03  7.0900E+01
  4.0000E+01  2.0000E+00  5.4691E+01  0.0000E+00  1.4209E+03  7.0900E+01
  4.0000E+01  6.0000E+00  2.6313E+01  0.0000E+00  1.4209E+03  7.0900E+01
  4.0000E+01  1.2000E+01  1.0613E+01  0.0000E+00  1.4209E+03  7.0900E+01
  4.0000E+01  2.4000E+01  1.7688E+00  0.0000E+00  1.4209E+03  7.0900E+01
  4.1000E+01  0.0000E+00  0.0000E+00  1.1700E+03  1.2983E+03  8.1900E+01
  4.1000E+01  1.0000E-01  4.2735E+01  0.0000E+00  1.2983E+03  8.1900E+01
  4.1000E+01  2.0000E+00  3.4804E+01  0.0000E+00  1.2983E+03  8.1900E+01
  4.1000E+01  6.0000E+00  2.3075E+01  0.0000E+00  1.2983E+03  8.1900E+01
  4.1000E+01  1.2000E+01  1.2149E+01  0.0000E+00  1.2983E+03  8.1900E+01
  4.1000E+01  2.4000E+01  3.9239E+00  0.0000E+00  1.2983E+03  8.1900E+01
  4.2000E+01  0.0000E+00  0.0000E+00  1.1400E+03  1.3432E+03  7.9800E+01
  4.2000E+01  1.0000E-01  5.3559E+01  0.0000E+00  1.3432E+03  7.9800E+01
  4.2000E+01  2.0000E+00  5.2020E+01  0.0000E+00  1.3432E+03  7.9800E+01
  4.2000E+01  6.0000E+00  3.4665E+01  0.0000E+00  1.3432E+03  7.9800E+01
  4.2000E+01  1.2000E+01  1.7036E+01  0.0000E+00  1.3432E+03  7.9800E+01
  4.2000E+01  2.4000E+01  4.8718E+00  0.0000E+00  1.3432E+03  7.9800E+01
  4.3000E+01  0.0000E+00  0.0000E+00  1.2286E+03  1.1818E+03  8.6000E+01
  4.3000E+01  1.0000E-01  4.8468E+01  0.0000E+00  1.1818E+03  8.6000E+01
  4.3000E+01  2.0000E+00  5.6847E+01  0.0000E+00  1.1818E+03  8.6000E+01
  4.3000E+01  6.0000E+00  3.3927E+01  0.0000E+00  1.1818E+03  8.6000E+01
  4.3000E+01  1.2000E+01  1.8142E+01  0.0000E+00  1.1818E+03  8.6000E+01
  4.3000E+01  2.4000E+01  5.3210E+00  0.0000E+00  1.1818E+03  8.6000E+01
  4.4000E+01  0.0000E+00  0.0000E+00  1.2357E+03  1.3314E+03  8.6500E+01
  4.4000E+01  1.0000E-01  6.6582E+01  0.0000E+00  1.3314E+03  8.6500E+01
  4.4000E+01  2.0000E+00  5.9917E+01  0.0000E+00  1.3314E+03  8.6500E+01
  4.4000E+01  6.0000E+00  2.9324E+01  0.0000E+00  1.3314E+03  8.6500E+01
  4.4000E+01  1.2000E+01  1.0654E+01  0.0000E+00  1.3314E+03  8.6500E+01
  4.4000E+01  2.4000E+01  1.7479E+00  0.0000E+00  1.3314E+03  8.6500E+01
  4.5000E+01  0.0000E+00  0.0000E+00  9.4714E+02  1.1905E+03  6.6300E+01
  4.5000E+01  1.0000E-01  7.7069E+01  0.0000E+00  1.1905E+03  6.6300E+01
  4.5000E+01  2.0000E+00  4.9575E+01  0.0000E+00  1.1905E+03  6.6300E+01
  4.5000E+01  6.0000E+00  7.5309E+00  0.0000E+00  1.1905E+03  6.6300E+01
  4.5000E+01  1.2000E+01  9.8818E-01  0.0000E+00  1.1905E+03  6.6300E+01
  4.5000E+01  2.4000E+01  2.4618E-02  0.0000E+00  1.1905E+03  6.6300E+01
  4.6000E+01  0.0000E+00  0.0000E+00  1.0543E+03  1.2736E+03  7.3800E+01
  4.6000E+01  1.0000E-01  1.0264E+02  0.0000E+00  1.2736E+03  7.3800E+01
  4.6000E+01  2.0000E+00  5.3076E+01  0.0000E+00  1.2736E+03  7.3800E+01
  4.6000E+01  6.0000E+00  2.3465E+01  0.0000E+00  1.2736E+03  7.3800E+01
  4.6000E+01  1.2000E+01  4.4915E+00  0.0000E+00  1.2736E+03  7.3800E+01
  4.6000E+01  2.4000E+01  2.3103E-01  0.0000E+00  1.2736E+03  7.3800E+01
  4.7000E+01  0.0000E+00  0.0000E+00  1.0943E+03  1.3580E+03  7.6600E+01
  4.7000E+01  1.0000E-01  1.1241E+02  0.0000E+00  1.3580E+03  7.6600E+01
  4.7000E+01  2.0000E+00  7.3832E+01  0.0000E+00  1.3580E+03  7.6600E+01
  4.7000E+01  6.0000E+00  3.3516E+01  0.0000E+00  1.3580E+03  7.6600E+01
  4.7000E+01  1.2000E+01  7.3484E+00  0.0000E+00  1.3580E+03  7.6600E+01
  4.7000E+01  2.4000E+01  7.5166E-01  0.0000E+00  1.3580E+03  7.6600E+01
  4.8000E+01  0.0000E+00  0.0000E+00  1.0343E+03  1.2654E+03  7.2400E+01
  4.8000E+01  1.0000E-01  6.2334E+01  0.0000E+00  1.2654E+03  7.2400E+01
  4.8000E+01  2.0000E+00  5.0208E+01  0.0000E+00  1.2654E+03  7.2400E+01
  4.8000E+01  6.0000E+00  2.0758E+01  0.0000E+00  1.2654E+03  7.2400E+01
  4.8000E+01  1.2000E+01  6.4918E+00  0.0000E+00  1.2654E+03  7.2400E+01
  4.8000E+01  2.4000E+01  4.3358E-01  0.0000E+00  1.2654E+03  7.2400E+01
  4.9000E+01  0.0000E+00  0.0000E+00  1.0557E+03  1.1491E+03  7.3900E+01
  4.9000E+01  1.0000E-01  3.8482E+01  0.0000E+00  1.1491E+03  7.3900E+01
  4.9000E+01  2.0000E+00  3.6259E+01  0.0000E+00  1.1491E+03  7.3900E+01
  4.9000E+01  6.0000E+00  2.5167E+01  0.0000E+00  1.1491E+03  7.3900E+01
  4.9000E+01  1.2000E+01  1.4444E+01  0.0000E+00  1.1491E+03  7.3900E+01
  4.9000E+01  2.4000E+01  5.6266E+00  0.0000E+00  1.1491E+03  7.3900E+01
  5.0000E+01  0.0000E+00  0.0000E+00  1.2614E+03  1.4007E+03  8.8300E+01
  5.0000E+01  1.0000E-01  5.2525E+01  0.0000E+00  1.4007E+03  8.8300E+01
  5.0000E+01  2.0000E+00  3.8267E+01  0.0000E+00  1.4007E+03  8.8300E+01
  5.0000E+01  6.0000E+00  1.5758E+01  0.0000E+00  1.4007E+03  8.8300E+01
  5.0000E+01  1.2000E+01  5.9908E+00  0.0000E+00  1.4007E+03  8.8300E+01
  5.0000E+01  2.4000E+01  3.5585E-01  0.0000E+00  1.4007E+03  8.8300E+01
  5.1000E+01  0.0000E+00  0.0000E+00  1.2043E+03  1.0670E+03  8.4300E+01
  5.1000E+01  1.0000E-01  4.2471E+01  0.0000E+00  1.0670E+03  8.4300E+01
  5.1000E+01  2.0000E+00  4.4072E+01  0.0000E+00  1.0670E+03  8.4300E+01
  5.1000E+01  6.0000E+00  2.4654E+01  0.0000E+00  1.0670E+03  8.4300E+01
  5.1000E+01  1.2000E+01  9.8018E+00  0.0000E+00  1.0670E+03  8.4300E+01
  5.1000E+01  2.4000E+01  2.5577E+00  0.0000E+00  1.0670E+03  8.4300E+01
  5.2000E+01  0.0000E+00  0.0000E+00  8.9857E+02  1.1808E+03  6.2900E+01
  5.2000E+01  1.0000E-01  3.3113E+01  0.0000E+00  1.1808E+03  6.2900E+01
  5.2000E+01  2.0000E+00  3.4768E+01  0.0000E+00  1.1808E+03  6.2900E+01
  5.2000E+01  6.0000E+00  2.1098E+01  0.0000E+00  1.1808E+03  6.2900E+01
  5.2000E+01  1.2000E+01  1.5195E+01  0.0000E+00  1.1808E+03  6.2900E+01
  5.2000E+01  2.4000E+01  5.2802E+00  0.0000E+00  1.1808E+03  6.2900E+01
  5.3000E+01  0.0000E+00  0.0000E+00  1.0200E+03  1.3774E+03  7.1400E+01
  5.3000E+01  1.0000E-01  1.0243E+02  0.0000E+00  1.3774E+03  7.1400E+01
  5.3000E+01  2.0000E+00  4.5077E+01  0.0000E+00  1.3774E+03  7.1400E+01
  5.3000E+01  6.0000E+00  2.4301E+01  0.0000E+00  1.3774E+03  7.1400E+01
  5.3000E+01  1.2000E+01  6.0780E+00  0.0000E+00  1.3774E+03  7.1400E+01
  5.3000E+01  2.4000E+01  3.1554E-01  0.0000E+00  1.3774E+03  7.1400E+01
  5.4000E+01  0.0000E+00  0.0000E+00  1.2300E+03  1.2748E+03  8.6100E+01
  5.4000E+01  1.0000E-01  3.9141E+01  0.0000E+00  1.2748E+03  8.6100E+01
  5.4000E+01  2.0000E+00  3.2736E+01  0.0000E+00  1.2748E+03  8.6100E+01
  5.4000E+01  6.0000E+00  1.6745E+01  0.0000E+00  1.2748E+03  8.6100E+01
  5.4000E+01  1.2000E+01  5.0615E+00  0.0000E+00  1.2748E+03  8.6100E+01
  5.4000E+01  2.4000E+01  6.7871E-01  0.0000E+00  1.2748E+03  8.6100E+01
  5.5000E+01  0.0000E+00  0.0000E+00  1.2643E+03  1.1052E+03  8.8500E+01
  5.5000E+01  1.0000E-01  4.3872E+01  0.0000E+00  1.1052E+03  8.8500E+01
  5.5000E+01  2.0000E+00  2.4160E+01  0.0000E+00  1.1052E+03  8.8500E+01
  5.5000E+01  6.0000E+00  2.2617E+01  0.0000E+00  1.1052E+03  8.8500E+01
  5.5000E+01  1.2000E+01  1.6336E+01  0.0000E+00  1.1052E+03  8.8500E+01
  5.5000E+01  2.4000E+01  4.4478E+00  0.0000E+00  1.1052E+03  8.8500E+01
  5.6000E+01  0.0000E+00  0.0000E+00  1.0029E+03  1.2745E+03  7.0200E+01
  5.6000E+01  1.0000E-01  5.4203E+01  0.0000E+00  1.2745E+03  7.0200E+01
  5.6000E+01  2.0000E+00  3.5760E+01  0.0000E+00  1.2745E+03  7.0200E+01
  5.6000E+01  6.0000E+00  2.3578E+01  0.0000E+00  1.2745E+03  7.0200E+01
  5.6000E+01  1.2000E+01  1.1955E+01  0.0000E+00  1.2745E+03  7.0200E+01
  5.6000E+01  2.4000E+01  2.6469E+00  0.0000E+00  1.2745E+03  7.0200E+01
  5.7000E+01  0.0000E+00  0.0000E+00  1.1214E+03  1.2697E+03  7.8500E+01
  5.7000E+01  1.0000E-01  3.1965E+01  0.0000E+00  1.2697E+03  7.8500E+01
  5.7000E+01  2.0000E+00  2.6149E+01  0.0000E+00  1.2697E+03  7.8500E+01
  5.7000E+01  6.0000E+00  2.0322E+01  0.0000E+00  1.2697E+03  7.8500E+01
  5.7000E+01  1.2000E+01  1.1275E+01  0.0000E+00  1.2697E+03  7.8500E+01
  5.7000E+01  2.4000E+01  2.7970E+00  0.0000E+00  1.2697E+03  7.8500E+01
  5.8000E+01  0.0000E+00  0.0000E+00  1.3386E+03  1.3938E+03  9.3700E+01
  5.8000E+01  1.0000E-01  4.7991E+01  0.0000E+00  1.3938E+03  9.3700E+01
  5.8000E+01  2.0000E+00  3.6173E+01  0.0000E+00  1.3938E+03  9.3700E+01
  5.8000E+01  6.0000E+00  2.5470E+01  0.0000E+00  1.3938E+03  9.3700E+01
  5.8000E+01  1.2000E+01  1.2336E+01  0.0000E+00  1.3938E+03  9.3700E+01
  5.8000E+01  2.4000E+01  3.9114E+00  0.0000E+00  1.3938E+03  9.3700E+01
  5.9000E+01  0.0000E+00  0.0000E+00  9.9571E+02  1.1157E+03  6.9700E+01
  5.9000E+01  1.0000E-01  6.5115E+01  0.0000E+00  1.1157E+03  6.9700E+01
  5.9000E+01  2.0000E+00  4.9154E+01  0.0000E+00  1.1157E+03  6.9700E+01
  5.9000E+01  6.0000E+00  2.0572E+01  0.0000E+00  1.1157E+03  6.9700E+01
  5.9000E+01  1.2000E+01  8.1260E+00  0.0000E+00  1.1157E+03  6.9700E+01
  5.9000E+01  2.4000E+01  1.2723E+00  0.0000E+00  1.1157E+03  6.9700E+01
  6.0000E+01  0.0000E+00  0.0000E+00  1.1957E+03  1.4407E+03  8.3700E+01
  6.0000E+01  1.0000E-01  4.4667E+01  0.0000E+00  1.4407E+03  8.3700E+01
  6.0000E+01  2.0000E+00  2.7169E+01  0.0000E+00  1.4407E+03  8.3700E+01
  6.0000E+01  6.0000E+00  1.6121E+01  0.0000E+00  1.4407E+03  8.3700E+01
  6.0000E+01  1.2000E+01  6.4684E+00  0.0000E+00  1.4407E+03  8.3700E+01
  6.0000E+01  2.4000E+01  7.9463E-01  0.0000E+00  1.4407E+03  8.3700E+01
  6.1000E+01  0.0000E+00  0.0000E+00  9.8429E+02  1.4486E+03  6.8900E+01
  6.1000E+01  1.0000E-01  6.6427E+01  0.0000E+00  1.4486E+03  6.8900E+01
  6.1000E+01  2.0000E+00  3.8296E+01  0.0000E+00  1.4486E+03  6.8900E+01
  6.1000E+01  6.0000E+00  1.6816E+01  0.0000E+00  1.4486E+03  6.8900E+01
  6.1000E+01  1.2000E+01  5.0588E+00  0.0000E+00  1.4486E+03  6.8900E+01
  6.1000E+01  2.4000E+01  4.4204E-01  0.0000E+00  1.4486E+03  6.8900E+01
  6.2000E+01  0.0000E+00  0.0000E+00  1.1129E+03  1.0516E+03  7.7900E+01
  6.2000E+01  1.0000E-01  5.3684E+01  0.0000E+00  1.0516E+03  7.7900E+01
  6.2000E+01  2.0000E+00  4.1679E+01  0.0000E+00  1.0516E+03  7.7900E+01
  6.2000E+01  6.0000E+00  3.8672E+01  0.0000E+00  1.0516E+03  7.7900E+01
  6.2000E+01  1.2000E+01  2.2316E+01  0.0000E+00  1.0516E+03  7.7900E+01
  6.2000E+01  2.4000E+01  8.7415E+00  0.0000E+00  1.0516E+03  7.7900E+01
  6.3000E+01  0.0000E+00  0.0000E+00  1.2743E+03  1.1844E+03  8.9200E+01
  6.3000E+01  1.0000E-01  7.5753E+01  0.0000E+00  1.1844E+03  8.9200E+01
  6.3000E+01  2.0000E+00  4.6475E+01  0.0000E+00  1.1844E+03  8.9200E+01
  6.3000E+01  6.0000E+00  1.4945E+01  0.0000E+00  1.1844E+03  8.9200E+01
  6.3000E+01  1.2000E+01  2.0826E+00  0.0000E+00  1.1844E+03  8.9200E+01
  6.3000E+01  2.4000E+01  3.2837E-02  0.0000E+00  1.1844E+03  8.9200E+01
  6.4000E+01  0.0000E+00  0.0000E+00  9.4000E+02  1.0380E+03  6.5800E+01
  6.4000E+01  1.0000E-01  4.6849E+01  0.0000E+00  1.0380E+03  6.5800E+01
  6.4000E+01  2.0000E+00  2.9995E+01  0.0000E+00  1.0380E+03  6.5800E+01
  6.4000E+01  6.0000E+00  1.7068E+01  0.0000E+00  1.0380E+03  6.5800E+01
  6.4000E+01  1.2000E+01  5.6238E+00  0.0000E+00  1.0380E+03  6.5800E+01
  6.4000E+01  2.4000E+01  5.2432E-01  0.0000E+00  1.0380E+03  6.5800E+01
  6.5000E+01  0.0000E+00  0.0000E+00  9.4286E+02  1.1467E+03  6.6000E+01
  6.5000E+01  1.0000E-01  4.4558E+01  0.0000E+00  1.1467E+03  6.6000E+01
  6.5000E+01  2.0000E+00  3.4858E+01  0.0000E+00  1.1467E+03  6.6000E+01
  6.5000E+01  6.0000E+00  1.9558E+01  0.0000E+00  1.1467E+03  6.6000E+01
  6.5000E+01  1.2000E+01  1.3523E+01  0.0000E+00  1.1467E+03  6.6000E+01
  6.5000E+01  2.4000E+01  2.8695E+00  0.0000E+00  1.1467E+03  6.6000E+01
  6.6000E+01  0.0000E+00  0.0000E+00  1.0686E+03  1.3722E+03  7.4800E+01
  6.6000E+01  1.0000E-01  4.5497E+01  0.0000E+00  1.3722E+03  7.4800E+01
  6.6000E+01  2.0000E+00  3.8320E+01  0.0000E+00  1.3722E+03  7.4800E+01
  6.6000E+01  6.0000E+00  2.1744E+01  0.0000E+00  1.3722E+03  7.4800E+01
  6.6000E+01  1.2000E+01  6.4343E+00  0.0000E+00  1.3722E+03  7.4800E+01
  6.6000E+01  2.4000E+01  7.0115E-01  0.0000E+00  1.3722E+03  7.4800E+01
  6.7000E+01  0.0000E+00  0.0000E+00  1.1686E+03  1.1800E+03  8.1800E+01
  6.7000E+01  1.0000E-01  4.6036E+01  0.0000E+00  1.1800E+03  8.1800E+01
  6.7000E+01  2.0000E+00  3.4026E+01  0.0000E+00  1.1800E+03  8.1800E+01
  6.7000E+01  6.0000E+00  1.8552E+01  0.0000E+00  1.1800E+03  8.1800E+01
  6.7000E+01  1.2000E+01  1.0669E+01  0.0000E+00  1.1800E+03  8.1800E+01
  6.7000E+01  2.4000E+01  1.7383E+00  0.0000E+00  1.1800E+03  8.1800E+01
  6.8000E+01  0.0000E+00  0.0000E+00  9.6714E+02  1.2767E+03  6.7700E+01
  6.8000E+01  1.0000E-01  5.8121E+01  0.0000E+00  1.2767E+03  6.7700E+01
  6.8000E+01  2.0000E+00  3.6163E+01  0.0000E+00  1.2767E+03  6.7700E+01
  6.8000E+01  6.0000E+00  1.5585E+01  0.0000E+00  1.2767E+03  6.7700E+01
  6.8000E+01  1.2000E+01  7.7772E+00  0.0000E+00  1.2767E+03  6.7700E+01
  6.8000E+01  2.4000E+01  9.5555E-01  0.0000E+00  1.2767E+03  6.7700E+01
  6.9000E+01  0.0000E+00  0.0000E+00  1.3357E+03  1.0563E+03  9.3500E+01
  6.9000E+01  1.0000E-01  6.7630E+01  0.0000E+00  1.0563E+03  9.3500E+01
  6.9000E+01  2.0000E+00  5.0497E+01  0.0000E+00  1.0563E+03  9.3500E+01
  6.9000E+01  6.0000E+00  2.3812E+01  0.0000E+00  1.0563E+03  9.3500E+01
  6.9000E+01  1.2000E+01  1.0488E+01  0.0000E+00  1.0563E+03  9.3500E+01
  6.9000E+01  2.4000E+01  1.5445E+00  0.0000E+00  1.0563E+03  9.3500E+01
  7.0000E+01  0.0000E+00  0.0000E+00  1.1371E+03  1.3037E+03  7.9600E+01
  7.0000E+01  1.0000E-01  4.6424E+01  0.0000E+00  1.3037E+03  7.9600E+01
  7.0000E+01  2.0000E+00  4.1186E+01  0.0000E+00  1.3037E+03  7.9600E+01
  7.0000E+01  6.0000E+00  2.8070E+01  0.0000E+00  1.3037E+03  7.9600E+01
  7.0000E+01  1.2000E+01  1.3880E+01  0.0000E+00  1.3037E+03  7.9600E+01
  7.0000E+01  2.4000E+01  4.7404E+00  0.0000E+00  1.3037E+03  7.9600E+01
  7.1000E+01  0.0000E+00  0.0000E+00  1.0200E+03  1.0900E+03  7.1400E+01
  7.1000E+01  1.0000E-01  4.0186E+01  0.0000E+00  1.0900E+03  7.1400E+01
  7.1000E+01  2.0000E+00  2.9406E+01  0.0000E+00  1.0900E+03  7.1400E+01
  7.1000E+01  6.0000E+00  2.2447E+01  0.0000E+00  1.0900E+03  7.1400E+01
  7.1000E+01  1.2000E+01  1.2116E+01  0.0000E+00  1.0900E+03  7.1400E+01
  7.1000E+01  2.4000E+01  3.6072E+00  0.0000E+00  1.0900E+03  7.1400E+01
  7.2000E+01  0.0000E+00  0.0000E+00  1.2214E+03  1.4621E+03  8.5500E+01
  7.2000E+01  1.0000E-01  3.9886E+01  0.0000E+00  1.4621E+03  8.5500E+01
  7.2000E+01  2.0000E+00  3.8372E+01  0.0000E+00  1.4621E+03  8.5500E+01
  7.2000E+01  6.0000E+00  2.0308E+01  0.0000E+00  1.4621E+03  8.5500E+01
  7.2000E+01  1.2000E+01  7.1764E+00  0.0000E+00  1.4621E+03  8.5500E+01
  7.2000E+01  2.4000E+01  9.6749E-01  0.0000E+00  1.4621E+03  8.5500E+01
  7.3000E+01  0.0000E+00  0.0000E+00  1.2057E+03  1.0385E+03  8.4400E+01
  7.3000E+01  1.0000E-01  5.2540E+01  0.0000E+00  1.0385E+03  8.4400E+01
  7.3000E+01  2.0000E+00  2.6990E+01  0.0000E+00  1.0385E+03  8.4400E+01
  7.3000E+01  6.0000E+00  1.8772E+01  0.0000E+00  1.0385E+03  8.4400E+01
  7.3000E+01  1.2000E+01  9.3911E+00  0.0000E+00  1.0385E+03  8.4400E+01
  7.3000E+01  2.4000E+01  2.7484E+00  0.0000E+00  1.0385E+03  8.4400E+01
  7.4000E+01  0.0000E+00  0.0000E+00  1.2371E+03  1.4092E+03  8.6600E+01
  7.4000E+01  1.0000E-01  5.0365E+01  0.0000E+00  1.4092E+03  8.6600E+01
  7.4000E+01  2.0000E+00  3.7813E+01  0.0000E+00  1.4092E+03  8.6600E+01
  7.4000E+01  6.0000E+00  2.7651E+01  0.0000E+00  1.4092E+03  8.6600E+01
  7.4000E+01  1.2000E+01  1.0729E+01  0.0000E+00  1.4092E+03  8.6600E+01
  7.4000E+01  2.4000E+01  2.5480E+00  0.0000E+00  1.4092E+03  8.6600E+01
  7.5000E+01  0.0000E+00  0.0000E+00  9.7571E+02  1.0748E+03  6.8300E+01
  7.5000E+01  1.0000E-01  3.8010E+01  0.0000E+00  1.0748E+03  6.8300E+01
  7.5000E+01  2.0000E+00  3.6458E+01  0.0000E+00  1.0748E+03  6.8300E+01
  7.5000E+01  6.0000E+00  2.5661E+01  0.0000E+00  1.0748E+03  6.8300E+01
  7.5000E+01  1.2000E+01  1.1900E+01  0.0000E+00  1.0748E+03  6.8300E+01
  7.5000E+01  2.4000E+01  2.6660E+00  0.0000E+00  1.0748E+03  6.8300E+01
  7.6000E+01  0.0000E+00  0.0000E+00  1.1557E+03  1.2819E+03  8.0900E+01
  7.6000E+01  1.0000E-01  3.2720E+01  0.0000E+00  1.2819E+03  8.0900E+01
  7.6000E+01  2.0000E+00  3.1673E+01  0.0000E+00  1.2819E+03  8.0900E+01
  7.6000E+01  6.0000E+00  2.1376E+01  0.0000E+00  1.2819E+03  8.0900E+01
  7.6000E+01  1.2000E+01  1.0137E+01  0.0000E+00  1.2819E+03  8.0900E+01
  7.6000E+01  2.4000E+01  4.1191E+00  0.0000E+00  1.2819E+03  8.0900E+01
  7.7000E+01  0.0000E+00  0.0000E+00  9.2000E+02  1.2168E+03  6.4400E+01
  7.7000E+01  1.0000E-01  3.6492E+01  0.0000E+00  1.2168E+03  6.4400E+01
  7.7000E+01  2.0000E+00  3.7818E+01  0.0000E+00  1.2168E+03  6.4400E+01
  7.7000E+01  6.0000E+00  2.1493E+01  0.0000E+00  1.2168E+03  6.4400E+01
  7.7000E+01  1.2000E+01  1.1575E+01  0.0000E+00  1.2168E+03  6.4400E+01
  7.7000E+01  2.4000E+01  3.4975E+00  0.0000E+00  1.2168E+03  6.4400E+01
  7.8000E+01  0.0000E+00  0.0000E+00  1.1600E+03  1.0652E+03  8.1200E+01
  7.8000E+01  1.0000E-01  3.1711E+01  0.0000E+00  1.0652E+03  8.1200E+01
  7.8000E+01  2.0000E+00  3.1060E+01  0.0000E+00  1.0652E+03  8.1200E+01
  7.8000E+01  6.0000E+00  1.9589E+01  0.0000E+00  1.0652E+03  8.1200E+01
  7.8000E+01  1.2000E+01  1.0638E+01  0.0000E+00  1.0652E+03  8.1200E+01
  7.8000E+01  2.4000E+01  1.6524E+00  0.0000E+00  1.0652E+03  8.1200E+01
  7.9000E+01  0.0000E+00  0.0000E+00  1.0229E+03  1.1861E+03  7.1600E+01
  7.9000E+01  1.0000E-01  4.1772E+01  0.0000E+00  1.1861E+03  7.1600E+01
  7.9000E+01  2.0000E+00  4.0610E+01  0.0000E+00  1.1861E+03  7.1600E+01
  7.9000E+01  6.0000E+00  1.8940E+01  0.0000E+00  1.1861E+03  7.1600E+01
  7.9000E+01  1.2000E+01  8.4244E+00  0.0000E+00  1.1861E+03  7.1600E+01
  7.9000E+01  2.4000E+01  1.9987E+00  0.0000E+00  1.1861E+03  7.1600E+01
  8.0000E+01  0.0000E+00  0.0000E+00  1.0957E+03  1.3539E+03  7.6700E+01
  8.0000E+01  1.0000E-01  4.2344E+01  0.0000E+00  1.3539E+03  7.6700E+01
  8.0000E+01  2.0000E+00  3.3414E+01  0.0000E+00  1.3539E+03  7.6700E+01
  8.0000E+01  6.0000E+00  2.1069E+01  0.0000E+00  1.3539E+03  7.6700E+01
  8.0000E+01  1.2000E+01  9.7405E+00  0.0000E+00  1.3539E+03  7.6700E+01
  8.0000E+01  2.4000E+01  2.8770E+00  0.0000E+00  1.3539E+03  7.6700E+01
  8.1000E+01  0.0000E+00  0.0000E+00  1.1586E+03  1.4783E+03  8.1100E+01
  8.1000E+01  1.0000E-01  5.0623E+01  0.0000E+00  1.4783E+03  8.1100E+01
  8.1000E+01  2.0000E+00  4.6049E+01  0.0000E+00  1.4783E+03  8.1100E+01
  8.1000E+01  6.0000E+00  3.9428E+01  0.0000E+00  1.4783E+03  8.1100E+01
  8.1000E+01  1.2000E+01  1.7083E+01  0.0000E+00  1.4783E+03  8.1100E+01
  8.1000E+01  2.4000E+01  4.7604E+00  0.0000E+00  1.4783E+03  8.1100E+01
  8.2000E+01  0.0000E+00  0.0000E+00  1.1200E+03  1.2590E+03  7.8400E+01
  8.2000E+01  1.0000E-01  3.5231E+01  0.0000E+00  1.2590E+03  7.8400E+01
  8.2000E+01  2.0000E+00  2.9284E+01  0.0000E+00  1.2590E+03  7.8400E+01
  8.2000E+01  6.0000E+00  1.9221E+01  0.0000E+00  1.2590E+03  7.8400E+01
  8.2000E+01  1.2000E+01  1.5288E+01  0.0000E+00  1.2590E+03  7.8400E+01
  8.2000E+01  2.4000E+01  9.8127E+00  0.0000E+00  1.2590E+03  7.8400E+01
  8.3000E+01  0.0000E+00  0.0000E+00  9.3286E+02  1.1002E+03  6.5300E+01
  8.3000E+01  1.0000E-01  4.1131E+01  0.0000E+00  1.1002E+03  6.5300E+01
  8.3000E+01  2.0000E+00  4.2356E+01  0.0000E+00  1.1002E+03  6.5300E+01
  8.3000E+01  6.0000E+00  3.2202E+01  0.0000E+00  1.1002E+03  6.5300E+01
  8.3000E+01  1.2000E+01  1.7915E+01  0.0000E+00  1.1002E+03  6.5300E+01
  8.3000E+01  2.4000E+01  7.5526E+00  0.0000E+00  1.1002E+03  6.5300E+01
  8.4000E+01  0.0000E+00  0.0000E+00  9.3857E+02  1.2940E+03  6.5700E+01
  8.4000E+01  1.0000E-01  3.2624E+01  0.0000E+00  1.2940E+03  6.5700E+01
  8.4000E+01  2.0000E+00  3.1270E+01  0.0000E+00  1.2940E+03  6.5700E+01
  8.4000E+01  6.0000E+00  1.8353E+01  0.0000E+00  1.2940E+03  6.5700E+01
  8.4000E+01  1.2000E+01  8.2231E+00  0.0000E+00  1.2940E+03  6.5700E+01
  8.4000E+01  2.4000E+01  1.2333E+00  0.0000E+00  1.2940E+03  6.5700E+01
  8.5000E+01  0.0000E+00  0.0000E+00  1.0386E+03  1.1260E+03  7.2700E+01
  8.5000E+01  1.0000E-01  4.6616E+01  0.0000E+00  1.1260E+03  7.2700E+01
  8.5000E+01  2.0000E+00  4.3581E+01  0.0000E+00  1.1260E+03  7.2700E+01
  8.5000E+01  6.0000E+00  2.2887E+01  0.0000E+00  1.1260E+03  7.2700E+01
  8.5000E+01  1.2000E+01  1.1241E+01  0.0000E+00  1.1260E+03  7.2700E+01
  8.5000E+01  2.4000E+01  3.0872E+00  0.0000E+00  1.1260E+03  7.2700E+01
  8.6000E+01  0.0000E+00  0.0000E+00  1.0429E+03  1.4649E+03  7.3000E+01
  8.6000E+01  1.0000E-01  5.9259E+01  0.0000E+00  1.4649E+03  7.3000E+01
  8.6000E+01  2.0000E+00  4.7540E+01  0.0000E+00  1.4649E+03  7.3000E+01
  8.6000E+01  6.0000E+00  2.6762E+01  0.0000E+00  1.4649E+03  7.3000E+01
  8.6000E+01  1.2000E+01  7.9139E+00  0.0000E+00  1.4649E+03  7.3000E+01
  8.6000E+01  2.4000E+01  1.8074E+00  0.0000E+00  1.4649E+03  7.3000E+01
  8.7000E+01  0.0000E+00  0.0000E+00  1.1529E+03  1.2193E+03  8.0700E+01
  8.7000E+01  1.0000E-01  5.8596E+01  0.0000E+00  1.2193E+03  8.0700E+01
  8.7000E+01  2.0000E+00  4.9150E+01  0.0000E+00  1.2193E+03  8.0700E+01
  8.7000E+01  6.0000E+00  2.2034E+01  0.0000E+00  1.2193E+03  8.0700E+01
  8.7000E+01  1.2000E+01  1.0124E+01  0.0000E+00  1.2193E+03  8.0700E+01
  8.7000E+01  2.4000E+01  1.6336E+00  0.0000E+00  1.2193E+03  8.0700E+01
  8.8000E+01  0.0000E+00  0.0000E+00  1.2800E+03  1.1814E+03  8.9600E+01
  8.8000E+01  1.0000E-01  5.1785E+01  0.0000E+00  1.1814E+03  8.9600E+01
  8.8000E+01  2.0000E+00  3.5688E+01  0.0000E+00  1.1814E+03  8.9600E+01
  8.8000E+01  6.0000E+00  1.6024E+01  0.0000E+00  1.1814E+03  8.9600E+01
  8.8000E+01  1.2000E+01  4.7043E+00  0.0000E+00  1.1814E+03  8.9600E+01
  8.8000E+01  2.4000E+01  3.2670E-01  0.0000E+00  1.1814E+03  8.9600E+01
  8.9000E+01  0.0000E+00  0.0000E+00  1.0514E+03  1.1086E+03  7.3600E+01
  8.9000E+01  1.0000E-01  4.5247E+01  0.0000E+00  1.1086E+03  7.3600E+01
  8.9000E+01  2.0000E+00  3.4375E+01  0.0000E+00  1.1086E+03  7.3600E+01
  8.9000E+01  6.0000E+00  2.3836E+01  0.0000E+00  1.1086E+03  7.3600E+01
  8.9000E+01  1.2000E+01  1.5794E+01  0.0000E+00  1.1086E+03  7.3600E+01
  8.9000E+01  2.4000E+01  4.1640E+00  0.0000E+00  1.1086E+03  7.3600E+01
  9.0000E+01  0.0000E+00  0.0000E+00  1.3143E+03  1.4637E+03  9.2000E+01
  9.0000E+01  1.0000E-01  4.2760E+01  0.0000E+00  1.4637E+03  9.2000E+01
  9.0000E+01  2.0000E+00  4.3960E+01  0.0000E+00  1.4637E+03  9.2000E+01
  9.0000E+01  6.0000E+00  2.3342E+01  0.0000E+00  1.4637E+03  9.2000E+01
  9.0000E+01  1.2000E+01  1.1569E+01  0.0000E+00  1.4637E+03  9.2000E+01
  9.0000E+01  2.4000E+01  2.1870E+00  0.0000E+00  1.4637E+03  9.2000E+01
  9.1000E+01  0.0000E+00  0.0000E+00  1.1714E+03  1.1117E+03  8.2000E+01
  9.1000E+01  1.0000E-01  4.7264E+01  0.0000E+00  1.1117E+03  8.2000E+01
  9.1000E+01  2.0000E+00  3.4535E+01  0.0000E+00  1.1117E+03  8.2000E+01
  9.1000E+01  6.0000E+00  2.1896E+01  0.0000E+00  1.1117E+03  8.2000E+01
  9.1000E+01  1.2000E+01  1.1736E+01  0.0000E+00  1.1117E+03  8.2000E+01
  9.1000E+01  2.4000E+01  2.5793E+00  0.0000E+00  1.1117E+03  8.2000E+01
  9.2000E+01  0.0000E+00  0.0000E+00  1.0114E+03  1.4658E+03  7.0800E+01
  9.2000E+01  1.0000E-01  6.7808E+01  0.0000E+00  1.4658E+03  7.0800E+01
  9.2000E+01  2.0000E+00  5.8539E+01  0.0000E+00  1.4658E+03  7.0800E+01
  9.2000E+01  6.0000E+00  2.4686E+01  0.0000E+00  1.4658E+03  7.0800E+01
  9.2000E+01  1.2000E+01  9.1575E+00  0.0000E+00  1.4658E+03  7.0800E+01
  9.2000E+01  2.4000E+01  1.2814E+00  0.0000E+00  1.4658E+03  7.0800E+01
  9.3000E+01  0.0000E+00  0.0000E+00  1.0771E+03  1.0961E+03  7.5400E+01
  9.3000E+01  1.0000E-01  9.6846E+01  0.0000E+00  1.0961E+03  7.5400E+01
  9.3000E+01  2.0000E+00  6.1245E+01  0.0000E+00  1.0961E+03  7.5400E+01
  9.3000E+01  6.0000E+00  2.3038E+01  0.0000E+00  1.0961E+03  7.5400E+01
  9.3000E+01  1.2000E+01  7.9696E+00  0.0000E+00  1.0961E+03  7.5400E+01
  9.3000E+01  2.4000E+01  1.0145E+00  0.0000E+00  1.0961E+03  7.5400E+01
  9.4000E+01  0.0000E+00  0.0000E+00  1.1829E+03  1.0949E+03  8.2800E+01
  9.4000E+01  1.0000E-01  5.5598E+01  0.0000E+00  1.0949E+03  8.2800E+01
  9.4000E+01  2.0000E+00  3.7165E+01  0.0000E+00  1.0949E+03  8.2800E+01
  9.4000E+01  6.0000E+00  2.5433E+01  0.0000E+00  1.0949E+03  8.2800E+01
  9.4000E+01  1.2000E+01  8.5849E+00  0.0000E+00  1.0949E+03  8.2800E+01
  9.4000E+01  2.4000E+01  8.3174E-01  0.0000E+00  1.0949E+03  8.2800E+01
  9.5000E+01  0.0000E+00  0.0000E+00  8.9286E+02  1.0822E+03  6.2500E+01
  9.5000E+01  1.0000E-01  6.1344E+01  0.0000E+00  1.0822E+03  6.2500E+01
  9.5000E+01  2.0000E+00  5.2332E+01  0.0000E+00  1.0822E+03  6.2500E+01
  9.5000E+01  6.0000E+00  3.7878E+01  0.0000E+00  1.0822E+03  6.2500E+01
  9.5000E+01  1.2000E+01  2.4324E+01  0.0000E+00  1.0822E+03  6.2500E+01
  9.5000E+01  2.4000E+01  7.4177E+00  0.0000E+00  1.0822E+03  6.2500E+01
  9.6000E+01  0.0000E+00  0.0000E+00  1.1000E+03  1.2782E+03  7.7000E+01
  9.6000E+01  1.0000E-01  5.8154E+01  0.0000E+00  1.2782E+03  7.7000E+01
  9.6000E+01  2.0000E+00  4.6996E+01  0.0000E+00  1.2782E+03  7.7000E+01
  9.6000E+01  6.0000E+00  1.9797E+01  0.0000E+00  1.2782E+03  7.7000E+01
  9.6000E+01  1.2000E+01  6.0944E+00  0.0000E+00  1.2782E+03  7.7000E+01
  9.6000E+01  2.4000E+01  4.7006E-01  0.0000E+00  1.2782E+03  7.7000E+01
  9.7000E+01  0.0000E+00  0.0000E+00  1.2986E+03  1.1762E+03  9.0900E+01
  9.7000E+01  1.0000E-01  5.5329E+01  0.0000E+00  1.1762E+03  9.0900E+01
  9.7000E+01  2.0000E+00  3.9259E+01  0.0000E+00  1.1762E+03  9.0900E+01
  9.7000E+01  6.0000E+00  2.7750E+01  0.0000E+00  1.1762E+03  9.0900E+01
  9.7000E+01  1.2000E+01  9.3751E+00  0.0000E+00  1.1762E+03  9.0900E+01
  9.7000E+01  2.4000E+01  1.2564E+00  0.0000E+00  1.1762E+03  9.0900E+01
  9.8000E+01  0.0000E+00  0.0000E+00  1.1086E+03  1.0443E+03  7.7600E+01
  9.8000E+01  1.0000E-01  3.6825E+01  0.0000E+00  1.0443E+03  7.7600E+01
  9.8000E+01  2.0000E+00  2.6388E+01  0.0000E+00  1.0443E+03  7.7600E+01
  9.8000E+01  6.0000E+00  2.6993E+01  0.0000E+00  1.0443E+03  7.7600E+01
  9.8000E+01  1.2000E+01  1.2655E+01  0.0000E+00  1.0443E+03  7.7600E+01
  9.8000E+01  2.4000E+01  4.3520E+00  0.0000E+00  1.0443E+03  7.7600E+01
  9.9000E+01  0.0000E+00  0.0000E+00  1.1286E+03  1.1808E+03  7.9000E+01
  9.9000E+01  1.0000E-01  3.9752E+01  0.0000E+00  1.1808E+03  7.9000E+01
  9.9000E+01  2.0000E+00  2.9749E+01  0.0000E+00  1.1808E+03  7.9000E+01
  9.9000E+01  6.0000E+00  1.6113E+01  0.0000E+00  1.1808E+03  7.9000E+01
  9.9000E+01  1.2000E+01  6.1953E+00  0.0000E+00  1.1808E+03  7.9000E+01
  9.9000E+01  2.4000E+01  1.2462E+00  0.0000E+00  1.1808E+03  7.9000E+01
  1.0000E+02  0.0000E+00  0.0000E+00  1.1314E+03  1.3894E+03  7.9200E+01
  1.0000E+02  1.0000E-01  4.7936E+01  0.0000E+00  1.3894E+03  7.9200E+01
  1.0000E+02  2.0000E+00  3.4632E+01  0.0000E+00  1.3894E+03  7.9200E+01
  1.0000E+02  6.0000E+00  2.3477E+01  0.0000E+00  1.3894E+03  7.9200E+01
  1.0000E+02  1.2000E+01  1.2319E+01  0.0000E+00  1.3894E+03  7.9200E+01
  1.0000E+02  2.4000E+01  3.1230E+00  0.0000E+00  1.3894E+03  7.9200E+01
